MutationType	ID83A	ID83B	ID83C	ID83D
1:Del:C:0	0.0015763078816235065	0.03138723149895668	0.12571616023778914	0.04549332186579704
1:Del:C:1	0.0012623785994946956	0.014716966822743417	0.08478142470121383	0.018575434759259223
1:Del:C:2	0.0019297363935038448	0.006315681431442499	0.05803386941552162	0.009143629670143127
1:Del:C:3	0.005522073619067669	0.004743566410616041	0.022947539389133454	0.012706813029944896
1:Del:C:4	0.015118102543056011	0.0013436012610327452	0.012551970593631268	0.001869915146380663
1:Del:C:5	0.03323291689157486	0.001390086766332388	0.00388844283297658	0.002231068955734372
1:Del:T:0	0.0014434027718380094	0.010140056256204844	0.07733010649681091	0.025291689299046995
1:Del:T:1	0.0019573149736970665	0.007214225176721811	0.05134032741189003	0.018912087380886077
1:Del:T:2	0.00381783633492887	0.012269288673996926	0.04456480666995048	0.034548484906554225
1:Del:T:3	0.015723113156855106	0.011001046933233737	0.04618737027049065	0.02892189770936966
1:Del:T:4	0.04460174143314362	0.010671445913612843	0.02807677760720253	0.016637712344527246
1:Del:T:5	0.5996683835983276	0.08195757418870926	0.0019765513017773627	0.013197162887081504
1:Ins:C:0	0.00199612348806113	0.011686963960528374	0.007016253098845482	0.0020592163782566786
1:Ins:C:1	0.0003302326600532979	0.0005027781007811427	0.0029513359535485507	0.00463432443793863
1:Ins:C:2	0.00029236929840408265	0.002382564195431769	0.0015694151865318418	0.000654556680737528
1:Ins:C:3	0.0009974556742236018	0.000855032994877547	0.003058550599962473	0.0025555753885782907
1:Ins:C:4	0.003051085723564029	0.0021542261820286512	0.0003116030139267423	0.0
1:Ins:C:5	0.011642347648739814	0.021893194317817687	0.0010174219496548176	0.00045143356546759603
1:Ins:T:0	0.0009275674121454359	0.007520982995629311	0.009018655586987733	0.0011835455079562962
1:Ins:T:1	0.0008942070184275508	0.007960991468280554	0.035964229702949525	0.019232989475131034
1:Ins:T:2	0.0072776410728693005	0.004209063434973359	0.019291161559522152	0.008227197825908661
1:Ins:T:3	0.004539041500538588	0.005463077500462532	0.010357779823243618	0.011892590764909982
1:Ins:T:4	0.004770361818373203	0.016583582386374474	0.009671873040497303	0.002118611242622137
1:Ins:T:5	0.15374580025672913	0.5693687438964844	0.02990623880177736	0.030309506133198737
2:Del:R:0	0.0015279967570677399	0.004505485249683261	0.015464227832853793	0.0017383130267262458
2:Del:R:1	0.004908634815365076	0.00804300419986248	0.02473708614706993	0.01519871298223734
2:Del:R:2	0.002801125403493643	0.0018135472084395588	0.011910876631736756	0.0
2:Del:R:3	0.010649592615664005	0.0007425743679050356	0.0006852794022336184	0.0
2:Del:R:4	0.0077053139917552475	0.0	0.0003023959022755207	0.0018026366597041488
2:Del:R:5	0.01205062959343195	0.0	0.00014271674035626347	0.0007829813026205557
3:Del:R:0	0.00033656829327810556	0.0035608858335763214	0.002707067783921957	0.0071013003122061494
3:Del:R:1	0.005526464711874723	0.00618107495829463	0.03903679102659226	0.009853039775043726
3:Del:R:2	0.002208038046956062	0.0021696367068216203	0.0058963054325431585	0.0015834052014099599
3:Del:R:3	0.0013210718287155032	0.00043191431323066356	0.0009716209194039038	0.0
3:Del:R:4	0.0004327691334765404	5.1520732271370664e-05	8.968713842705256e-08	8.521115262283274e-08
3:Del:R:5	0.0005493600270710886	3.201783705435446e-05	0.00013892839786961987	4.006757876595657e-08
4:Del:R:0	0.00016194316849578173	0.003312616073526442	0.00534146863501519	0.0076198546215891835
4:Del:R:1	0.0022815072908997534	0.006713073933497071	0.014435025677084923	0.002721306018065661
4:Del:R:2	0.0012247370672412218	0.0026500506792217493	0.0013149231439456345	4.040581115987152e-05
4:Del:R:3	0.0004644647764507681	0.00032413630542578177	0.002489173971116543	1.4640212953054288e-08
4:Del:R:4	0.00040344520821236076	7.985612710399436e-05	7.780275758761946e-07	7.107103243697565e-08
4:Del:R:5	0.0004951400856953114	5.48950512893498e-05	0.0006592310557607562	0.0004241707851178944
5:Del:R:0	0.00014945736111258157	0.007805952429771423	0.031315476447343824	0.11332111209630966
5:Del:R:1	0.0005775695783086122	0.0022883171215653418	0.01035848930478096	0.0021350953033987706
5:Del:R:2	0.00038798461318947377	0.00029617312393384056	1.825224728690955e-07	0.0
5:Del:R:3	0.00018818137323250994	0.00010390252697902724	6.255847182501383e-08	1.6443678418909258e-08
5:Del:R:4	0.00010321467052563094	9.181879789821323e-09	8.639870117121972e-08	1.4373686951785203e-07
5:Del:R:5	4.0475098285241987e-05	0.0	0.00042937815305776894	8.328860587880626e-08
2:Ins:R:0	0.0005766453803516924	0.0035962800495326517	0.005174687504768372	1.843977059934332e-08
2:Ins:R:1	0.00022000607568770648	0.005726508051156998	0.0009617812465876341	0.003883672831580043
2:Ins:R:2	0.00016267947939923032	0.002240447420626879	0.0016646319534629583	0.00575054669752717
2:Ins:R:3	0.0008364225039258599	0.0007611467561218887	0.0017137357033789157	0.0011540496605448424
2:Ins:R:4	0.0032982714008539917	0.0017765534576028585	0.00048495411465410143	0.00032871740986593065
2:Ins:R:5	0.011034107208251953	0.011643541045486927	0.00036393587502061566	0.00038038380654370485
3:Ins:R:0	3.0952786255511454e-05	0.0010000242618843913	0.0003263888880610466	0.0020832739653997125
3:Ins:R:1	0.0	0.004595282021909952	0.0006161576078739017	0.0023123569531890097
3:Ins:R:2	5.976986503810622e-05	0.0007224288012366742	0.0011392825050279497	0.0013826429912001004
3:Ins:R:3	5.991244361212011e-05	8.380337845892427e-09	0.000165052808000965	7.498821332774242e-08
3:Ins:R:4	0.00017045074564521202	7.778223931609318e-09	1.1810945856893796e-07	1.1899911953605624e-07
3:Ins:R:5	0.0010909958626143634	0.002312157885171473	0.0005734469887016758	1.7485540126926935e-08
4:Ins:R:0	0.00011684800119837746	0.0008227646816521883	0.0018365557538345457	0.000406510554603301
4:Ins:R:1	0.0	0.0028423797572031616	0.005593100609257817	0.004817805369384587
4:Ins:R:2	3.864554892061278e-05	0.0	0.0007592344074510038	1.0444442892776351e-07
4:Ins:R:3	0.00023963942367117853	0.0	0.0001819594106549971	0.0005704650381574084
4:Ins:R:4	8.877525833668187e-05	0.0005955699074547738	1.490396925873938e-08	3.2005820571612274e-08
4:Ins:R:5	0.00014821318618487566	0.0019266849150881172	0.0005584072438068688	2.246814148065823e-08
5:Ins:R:0	3.9167757859104316e-05	0.001350489119067788	0.0037464406341314316	0.0023634203244000673
5:Ins:R:1	0.0	0.012178715877234935	0.004778371169231832	0.021575980260968207
5:Ins:R:2	0.0	0.0002120242194422417	0.0003530432131356065	0.0009068489125866108
5:Ins:R:3	1.921878501889296e-05	9.958164300769568e-05	0.001155896116392796	5.983455508840052e-08
5:Ins:R:4	2.0773174401256256e-05	4.7866671229712666e-05	0.0006951425748411566	4.3983864372876266e-08
5:Ins:R:5	3.0657856041216294e-05	0.00013547121488954872	0.0018615879118442536	0.00037433744130481726
2:Del:M:1	0.0034164996352046726	0.007818054407835007	0.031657181307673456	0.006281426595523954
3:Del:M:1	0.00016015333821997046	0.0017164320452138782	0.0033781776495743544	0.005936623038724065
3:Del:M:2	0.002489709900692105	0.007001746352761984	0.004685795400291681	0.009884278662502766
4:Del:M:1	0.0003013335022842512	0.0011564866348635406	0.009871536772698164	0.0021878433879464866
4:Del:M:2	0.0008343819994479418	0.001847068266943097	0.011633060313761235	0.0027478368487209083
4:Del:M:3	0.001149244245607406	0.003079652995802462	0.016871108673512936	0.0059902520384639505
5:Del:M:1	6.643898050242569e-05	0.006187456310726702	0.021303178369998933	0.12663229703903198
5:Del:M:2	5.1774951862171294e-05	0.006412944896146655	0.004460078198462725	0.12460995763540268
5:Del:M:3	0.00015762404182169122	0.0032567543513337682	0.001675377762876451	0.109260293841362
5:Del:M:4	0.00011683808406814933	0.0049700080417096615	0.0009736176754813642	0.04142706394195557
5:Del:M:5	0.00016066183743532748	0.0070747850928455595	0.0029194333008490505	0.04157910197973251
