seqnames	start	end	width	strand	total_cn	major_cn	minor_cn	clonal_frequency	type	time	time.lo	time.up	time.2nd	time.2nd.lo	time.2nd.up	time.star	n.snv_mnv
1	1	8418000	8418000	*	2	1	1	0.84	NA	NA	NA	NA	NA	NA	NA	NA	61
1	8418001	8502000	84000	*	1	1	0	0.84	NA	NA	NA	NA	NA	NA	NA	NA	0
1	8502001	29517000	21015000	*	2	1	1	0.84	NA	NA	NA	NA	NA	NA	NA	NA	103
1	29517001	29617000	100000	*	1	1	0	0.84	NA	NA	NA	NA	NA	NA	NA	NA	0
1	29617001	51262000	21645000	*	2	1	1	0.84	NA	NA	NA	NA	NA	NA	NA	NA	115
1	51262001	51352000	90000	*	1	1	0	0.84	NA	NA	NA	NA	NA	NA	NA	NA	1
1	51352001	51443000	91000	*	0	0	0	0.84	NA	NA	NA	NA	NA	NA	NA	NA	0
1	51443001	59999000	8556000	*	2	1	1	0.84	NA	NA	NA	NA	NA	NA	NA	NA	60
1	59999001	60187000	188000	*	1	1	0	0.84	NA	NA	NA	NA	NA	NA	NA	NA	0
1	60187001	87348000	27161000	*	2	1	1	0.84	NA	NA	NA	NA	NA	NA	NA	NA	249
1	87348001	87578000	230000	*	1	1	0	0.84	NA	NA	NA	NA	NA	NA	NA	NA	1
1	87578001	97571000	9993000	*	2	1	1	0.84	NA	NA	NA	NA	NA	NA	NA	NA	64
1	97571001	97790000	219000	*	1	1	0	0.84	NA	NA	NA	NA	NA	NA	NA	NA	0
1	97790001	123035433	25245433	*	2	1	1	0.84	NA	NA	NA	NA	NA	NA	NA	NA	215
1	123035434	174356000	51320567	*	2	1	1	0.84	NA	NA	NA	NA	NA	NA	NA	NA	162
1	174356001	174599000	243000	*	1	1	0	0.84	NA	NA	NA	NA	NA	NA	NA	NA	2
1	174599001	245903000	71304000	*	2	1	1	0.84	NA	NA	NA	NA	NA	NA	NA	NA	599
1	245903001	246195000	292000	*	1	1	0	0.84	NA	NA	NA	NA	NA	NA	NA	NA	1
1	246195001	249250621	3055621	*	2	1	1	0.84	NA	NA	NA	NA	NA	NA	NA	NA	27
2	1	3383000	3383000	*	2	1	1	0.84	NA	NA	NA	NA	NA	NA	NA	NA	47
2	3383001	3486000	103000	*	1	1	0	0.84	NA	NA	NA	NA	NA	NA	NA	NA	0
2	3486001	24049000	20563000	*	2	1	1	0.84	NA	NA	NA	NA	NA	NA	NA	NA	159
2	24049001	24251000	202000	*	1	1	0	0.84	NA	NA	NA	NA	NA	NA	NA	NA	0
2	24251001	33285000	9034000	*	2	1	1	0.84	NA	NA	NA	NA	NA	NA	NA	NA	54
2	33285001	33631000	346000	*	1	1	0	0.84	NA	NA	NA	NA	NA	NA	NA	NA	0
2	33631001	54339000	20708000	*	2	1	1	0.84	NA	NA	NA	NA	NA	NA	NA	NA	166
2	54339001	54438000	99000	*	1	1	0	0.84	NA	NA	NA	NA	NA	NA	NA	NA	0
2	54438001	57881000	3443000	*	2	1	1	0.84	NA	NA	NA	NA	NA	NA	NA	NA	29
2	57881001	58116000	235000	*	1	1	0	0.84	NA	NA	NA	NA	NA	NA	NA	NA	2
2	58116001	62339000	4223000	*	2	1	1	0.84	NA	NA	NA	NA	NA	NA	NA	NA	36
2	62339001	62391000	52000	*	1	1	0	0.84	NA	NA	NA	NA	NA	NA	NA	NA	0
2	62391001	63893000	1502000	*	2	1	1	0.84	NA	NA	NA	NA	NA	NA	NA	NA	5
2	63893001	63909000	16000	*	1	1	0	0.84	NA	NA	NA	NA	NA	NA	NA	NA	0
2	63909001	64051000	142000	*	0	0	0	0.84	NA	NA	NA	NA	NA	NA	NA	NA	2
2	64051001	93826170	29775170	*	2	1	1	0.84	NA	NA	NA	NA	NA	NA	NA	NA	203
2	93826171	136234000	42407830	*	2	1	1	0.84	NA	NA	NA	NA	NA	NA	NA	NA	296
2	136234001	136335000	101000	*	1	1	0	0.84	NA	NA	NA	NA	NA	NA	NA	NA	0
2	136335001	139136000	2801000	*	2	1	1	0.84	NA	NA	NA	NA	NA	NA	NA	NA	30
2	139136001	139237000	101000	*	1	1	0	0.84	NA	NA	NA	NA	NA	NA	NA	NA	1
2	139237001	141270000	2033000	*	2	1	1	0.84	NA	NA	NA	NA	NA	NA	NA	NA	27
2	141270001	142239000	969000	*	1	1	0	0.84	NA	NA	NA	NA	NA	NA	NA	NA	0
2	142239001	142803000	564000	*	2	1	1	0.84	NA	NA	NA	NA	NA	NA	NA	NA	9
2	142803001	145726000	2923000	*	2	1	1	0.84	NA	NA	NA	NA	NA	NA	NA	NA	37
2	145726001	145811000	85000	*	1	1	0	0.84	NA	NA	NA	NA	NA	NA	NA	NA	0
2	145811001	178428000	32617000	*	2	1	1	0.84	NA	NA	NA	NA	NA	NA	NA	NA	299
2	178428001	178517000	89000	*	3	2	1	0.84	Mono-allelic Gain	6.6752215755216e-308	0	0.928571428571429	NA	NA	NA	***	2
2	178517001	186885000	8368000	*	2	1	1	0.84	NA	NA	NA	NA	NA	NA	NA	NA	75
2	186885001	187478000	593000	*	1	1	0	0.84	NA	NA	NA	NA	NA	NA	NA	NA	3
2	187478001	197569000	10091000	*	2	1	1	0.84	NA	NA	NA	NA	NA	NA	NA	NA	93
2	197569001	197888000	319000	*	3	2	1	0.84	Mono-allelic Gain	0.999999983647445	0	1	NA	NA	NA	***	2
2	197888001	205793000	7905000	*	2	1	1	0.84	NA	NA	NA	NA	NA	NA	NA	NA	57
2	205793001	205878000	85000	*	1	1	0	0.84	NA	NA	NA	NA	NA	NA	NA	NA	0
2	205878001	205943000	65000	*	0	0	0	0.84	NA	NA	NA	NA	NA	NA	NA	NA	0
2	205943001	206062000	119000	*	1	1	0	0.84	NA	NA	NA	NA	NA	NA	NA	NA	1
2	206062001	236425000	30363000	*	2	1	1	0.84	NA	NA	NA	NA	NA	NA	NA	NA	243
2	236425001	242201000	5776000	*	1	1	0	0.84	NA	NA	NA	NA	NA	NA	NA	NA	15
2	242201001	242366000	165000	*	0	0	0	0.84	NA	NA	NA	NA	NA	NA	NA	NA	0
2	242366001	242379000	13000	*	1	1	0	0.84	NA	NA	NA	NA	NA	NA	NA	NA	0
2	242379001	243199373	820373	*	2	1	1	0.84	NA	NA	NA	NA	NA	NA	NA	NA	2
3	1	13129000	13129000	*	2	1	1	0.84	NA	NA	NA	NA	NA	NA	NA	NA	136
3	13129001	15725000	2596000	*	3	2	1	0.84	Mono-allelic Gain	0.352941050473009	0	0.812499916539833	NA	NA	NA	***	15
3	15725001	15989000	264000	*	2	1	1	0.84	NA	NA	NA	NA	NA	NA	NA	NA	0
3	15989001	17009000	1020000	*	3	2	1	0.84	Mono-allelic Gain	6.6752215755216e-308	0	0.928571428571426	NA	NA	NA	***	2
3	17009001	17143000	134000	*	2	1	1	0.84	NA	NA	NA	NA	NA	NA	NA	NA	0
3	17143001	31719000	14576000	*	3	2	1	0.84	Mono-allelic Gain	0.882634758707525	0.730557706714224	1	NA	NA	NA	***	150
3	31719001	31827000	108000	*	2	2	0	0.84	CN-LOH	NA	NA	NA	NA	NA	NA	NA	0
3	31827001	35169000	3342000	*	3	2	1	0.84	Mono-allelic Gain	0.937499942413389	0.47008548346105	1	NA	NA	NA	***	22
3	35169001	35474000	305000	*	2	1	1	0.84	NA	NA	NA	NA	NA	NA	NA	NA	2
3	35474001	40175000	4701000	*	3	2	1	0.84	Mono-allelic Gain	0.818152356446322	0.489794506876053	1	NA	NA	NA	***	40
3	40175001	40257000	82000	*	2	2	0	0.84	CN-LOH	NA	NA	NA	NA	NA	NA	NA	0
3	40257001	41358000	1101000	*	3	2	1	0.84	Mono-allelic Gain	0.695892807091988	3.43425198552647e-28	1	NA	NA	NA	***	10
3	41358001	41413000	55000	*	2	1	1	0.84	NA	NA	NA	NA	NA	NA	NA	NA	0
3	41413001	41562000	149000	*	1	1	0	0.84	NA	NA	NA	NA	NA	NA	NA	NA	0
3	41562001	41590000	28000	*	2	2	0	0.84	CN-LOH	NA	NA	NA	NA	NA	NA	NA	0
3	41590001	60009000	18419000	*	3	2	1	0.84	Mono-allelic Gain	0.878874168751322	0.689328366159776	1	NA	NA	NA	***	114
3	60009001	60165000	156000	*	2	2	0	0.84	CN-LOH	NA	NA	NA	NA	NA	NA	NA	0
3	60165001	60190000	25000	*	1	1	0	0.84	NA	NA	NA	NA	NA	NA	NA	NA	0
3	60190001	60384000	194000	*	2	1	1	0.84	NA	NA	NA	NA	NA	NA	NA	NA	0
3	60384001	60849000	465000	*	1	1	0	0.84	NA	NA	NA	NA	NA	NA	NA	NA	3
3	60849001	65785000	4936000	*	2	1	1	0.84	NA	NA	NA	NA	NA	NA	NA	NA	37
3	65785001	65855000	70000	*	1	1	0	0.84	NA	NA	NA	NA	NA	NA	NA	NA	0
3	65855001	67577000	1722000	*	2	1	1	0.84	NA	NA	NA	NA	NA	NA	NA	NA	14
3	67577001	68080000	503000	*	1	1	0	0.84	NA	NA	NA	NA	NA	NA	NA	NA	1
3	68080001	71161000	3081000	*	2	1	1	0.84	NA	NA	NA	NA	NA	NA	NA	NA	28
3	71161001	71414000	253000	*	1	1	0	0.84	NA	NA	NA	NA	NA	NA	NA	NA	0
3	71414001	92004853	20590853	*	2	1	1	0.84	NA	NA	NA	NA	NA	NA	NA	NA	259
3	92004854	105013000	13008147	*	2	1	1	0.84	NA	NA	NA	NA	NA	NA	NA	NA	136
3	105013001	105072000	59000	*	1	1	0	0.84	NA	NA	NA	NA	NA	NA	NA	NA	0
3	105072001	114075000	9003000	*	2	1	1	0.84	NA	NA	NA	NA	NA	NA	NA	NA	89
3	114075001	114191000	116000	*	1	1	0	0.84	NA	NA	NA	NA	NA	NA	NA	NA	0
3	114191001	114212000	21000	*	0	0	0	0.84	NA	NA	NA	NA	NA	NA	NA	NA	0
3	114212001	114274000	62000	*	2	1	1	0.84	NA	NA	NA	NA	NA	NA	NA	NA	1
3	114274001	114378000	104000	*	1	1	0	0.84	NA	NA	NA	NA	NA	NA	NA	NA	0
3	114378001	174529000	60151000	*	2	1	1	0.84	NA	NA	NA	NA	NA	NA	NA	NA	536
3	174529001	175051000	522000	*	1	1	0	0.84	NA	NA	NA	NA	NA	NA	NA	NA	1
3	175051001	188162000	13111000	*	2	1	1	0.84	NA	NA	NA	NA	NA	NA	NA	NA	107
3	188162001	188328000	166000	*	1	1	0	0.84	NA	NA	NA	NA	NA	NA	NA	NA	0
3	188328001	189108000	780000	*	0	0	0	0.84	NA	NA	NA	NA	NA	NA	NA	NA	0
3	189108001	189175000	67000	*	1	1	0	0.84	NA	NA	NA	NA	NA	NA	NA	NA	0
3	189175001	189237000	62000	*	0	0	0	0.84	NA	NA	NA	NA	NA	NA	NA	NA	0
3	189237001	189309000	72000	*	1	1	0	0.84	NA	NA	NA	NA	NA	NA	NA	NA	0
3	189309001	198022430	8713430	*	2	1	1	0.84	NA	NA	NA	NA	NA	NA	NA	NA	54
4	1	467000	467000	*	1	1	0	0.84	NA	NA	NA	NA	NA	NA	NA	NA	2
4	467001	3048000	2581000	*	2	1	1	0.84	NA	NA	NA	NA	NA	NA	NA	NA	6
4	3048001	3359000	311000	*	1	1	0	0.84	NA	NA	NA	NA	NA	NA	NA	NA	2
4	3359001	5550000	2191000	*	2	1	1	0.84	NA	NA	NA	NA	NA	NA	NA	NA	11
4	5550001	5737000	187000	*	2	1	1	0.84	NA	NA	NA	NA	NA	NA	NA	NA	1
4	5737001	19341000	13604000	*	2	1	1	0.84	NA	NA	NA	NA	NA	NA	NA	NA	109
4	19341001	19487000	146000	*	1	1	0	0.84	NA	NA	NA	NA	NA	NA	NA	NA	2
4	19487001	39302000	19815000	*	2	1	1	0.84	NA	NA	NA	NA	NA	NA	NA	NA	236
4	39302001	39415000	113000	*	1	1	0	0.84	NA	NA	NA	NA	NA	NA	NA	NA	0
4	39415001	51160116	11745116	*	2	1	1	0.84	NA	NA	NA	NA	NA	NA	NA	NA	105
4	51160117	87892000	36731884	*	2	1	1	0.84	NA	NA	NA	NA	NA	NA	NA	NA	339
4	87892001	87978000	86000	*	1	1	0	0.84	NA	NA	NA	NA	NA	NA	NA	NA	0
4	87978001	89810000	1832000	*	2	1	1	0.84	NA	NA	NA	NA	NA	NA	NA	NA	4
4	89810001	89876000	66000	*	1	1	0	0.84	NA	NA	NA	NA	NA	NA	NA	NA	1
4	89876001	92828000	2952000	*	2	1	1	0.84	NA	NA	NA	NA	NA	NA	NA	NA	47
4	92828001	93165000	337000	*	1	1	0	0.84	NA	NA	NA	NA	NA	NA	NA	NA	1
4	93165001	95399000	2234000	*	2	1	1	0.84	NA	NA	NA	NA	NA	NA	NA	NA	25
4	95399001	95465000	66000	*	1	1	0	0.84	NA	NA	NA	NA	NA	NA	NA	NA	0
4	95465001	148857000	53392000	*	2	1	1	0.84	NA	NA	NA	NA	NA	NA	NA	NA	559
4	148857001	148978000	121000	*	1	1	0	0.84	NA	NA	NA	NA	NA	NA	NA	NA	1
4	148978001	149226000	248000	*	2	1	1	0.84	NA	NA	NA	NA	NA	NA	NA	NA	0
4	149226001	149521000	295000	*	1	1	0	0.84	NA	NA	NA	NA	NA	NA	NA	NA	0
4	149521001	154448000	4927000	*	2	1	1	0.84	NA	NA	NA	NA	NA	NA	NA	NA	30
4	154448001	154555000	107000	*	1	1	0	0.84	NA	NA	NA	NA	NA	NA	NA	NA	0
4	154555001	191154276	36599276	*	2	1	1	0.84	NA	NA	NA	NA	NA	NA	NA	NA	462
5	1	11546000	11546000	*	2	1	1	0.84	NA	NA	NA	NA	NA	NA	NA	NA	126
5	11546001	11658000	112000	*	1	1	0	0.84	NA	NA	NA	NA	NA	NA	NA	NA	0
5	11658001	14483000	2825000	*	2	1	1	0.84	NA	NA	NA	NA	NA	NA	NA	NA	25
5	14483001	36132000	21649000	*	3	2	1	0.84	Mono-allelic Gain	0.735309433260182	0.629763781525059	0.833258149275793	NA	NA	NA	***	284
5	36132001	36279000	147000	*	2	1	1	0.84	NA	NA	NA	NA	NA	NA	NA	NA	1
5	36279001	47905640	11626640	*	3	2	1	0.84	Mono-allelic Gain	0.619832070788684	0.428878202829327	0.778949017877009	NA	NA	NA	***	96
5	47905641	65991000	18085360	*	3	2	1	0.84	Mono-allelic Gain	0.823441820935474	0.66437425748343	0.947370089685865	NA	NA	NA	***	141
5	65991001	66148000	157000	*	2	2	0	0.84	CN-LOH	1	0.19047619047619	1	NA	NA	NA	***	2
5	66148001	66195000	47000	*	4	2	2	0.84	Bi-allelic Gain (WGD)	NA	NA	NA	NA	NA	NA	NA	0
5	66195001	66780000	585000	*	3	2	1	0.84	Mono-allelic Gain	6.6752215755216e-308	0	0.5	NA	NA	NA	***	5
5	66780001	67044000	264000	*	2	2	0	0.84	CN-LOH	1	0.111111111111111	1	NA	NA	NA	***	1
5	67044001	70311000	3267000	*	3	2	1	0.84	Mono-allelic Gain	6.6752215755216e-308	0	0.384615384615385	NA	NA	NA	***	8
5	70311001	70811000	500000	*	2	1	1	0.84	NA	NA	NA	NA	NA	NA	NA	NA	0
5	70811001	78343000	7532000	*	3	2	1	0.84	Mono-allelic Gain	0.838216315136504	0.544140162189947	1	NA	NA	NA	***	49
5	78343001	78426000	83000	*	1	1	0	0.84	NA	NA	NA	NA	NA	NA	NA	NA	0
5	78426001	95255000	16829000	*	2	1	1	0.84	NA	NA	NA	NA	NA	NA	NA	NA	167
5	95255001	95371000	116000	*	1	1	0	0.84	NA	NA	NA	NA	NA	NA	NA	NA	1
5	95371001	125557000	30186000	*	2	1	1	0.84	NA	NA	NA	NA	NA	NA	NA	NA	303
5	125557001	125601000	44000	*	1	1	0	0.84	NA	NA	NA	NA	NA	NA	NA	NA	0
5	125601001	125657000	56000	*	0	0	0	0.84	NA	NA	NA	NA	NA	NA	NA	NA	0
5	125657001	125735000	78000	*	1	1	0	0.84	NA	NA	NA	NA	NA	NA	NA	NA	1
5	125735001	129259000	3524000	*	2	1	1	0.84	NA	NA	NA	NA	NA	NA	NA	NA	38
5	129259001	129325000	66000	*	1	1	0	0.84	NA	NA	NA	NA	NA	NA	NA	NA	2
5	129325001	138966000	9641000	*	2	1	1	0.84	NA	NA	NA	NA	NA	NA	NA	NA	70
5	138966001	139054000	88000	*	1	1	0	0.84	NA	NA	NA	NA	NA	NA	NA	NA	1
5	139054001	160287000	21233000	*	2	1	1	0.84	NA	NA	NA	NA	NA	NA	NA	NA	185
5	160287001	171375000	11088000	*	3	2	1	0.84	Mono-allelic Gain	0.377422428738229	0.270549082021506	0.505027242172101	NA	NA	NA	***	216
5	171375001	171809000	434000	*	2	1	1	0.84	NA	NA	NA	NA	NA	NA	NA	NA	0
5	171809001	179059000	7250000	*	3	2	1	0.84	Mono-allelic Gain	0.46168393311341	0.258839115029399	0.666504542314297	NA	NA	NA	***	76
5	179059001	179180000	121000	*	2	2	0	0.84	CN-LOH	NA	NA	NA	NA	NA	NA	NA	0
5	179180001	180915260	1735260	*	3	2	1	0.84	Mono-allelic Gain	0.299999997651456	0	0.834166666219024	NA	NA	NA	***	10
6	1	1880000	1880000	*	3	2	1	0.84	Mono-allelic Gain	0.937499499602418	0.294642643632657	1	NA	NA	NA	***	11
6	1880001	2093000	213000	*	2	1	1	0.84	NA	NA	NA	NA	NA	NA	NA	NA	2
6	2093001	2177000	84000	*	1	1	0	0.84	NA	NA	NA	NA	NA	NA	NA	NA	1
6	2177001	2207000	30000	*	2	1	1	0.84	NA	NA	NA	NA	NA	NA	NA	NA	1
6	2207001	2267000	60000	*	3	2	1	0.84	Mono-allelic Gain	NA	NA	NA	NA	NA	NA	NA	0
6	2267001	2344000	77000	*	2	2	0	0.84	CN-LOH	NA	NA	NA	NA	NA	NA	NA	0
6	2344001	7147000	4803000	*	3	2	1	0.84	Mono-allelic Gain	0.972973246053205	0.56451640196572	1	NA	NA	NA	***	25
6	7147001	7163000	16000	*	2	1	1	0.84	NA	NA	NA	NA	NA	NA	NA	NA	0
6	7163001	7197000	34000	*	0	0	0	0.84	NA	NA	NA	NA	NA	NA	NA	NA	0
6	7197001	7215000	18000	*	2	1	1	0.84	NA	NA	NA	NA	NA	NA	NA	NA	0
6	7215001	20877000	13662000	*	3	2	1	0.84	Mono-allelic Gain	0.945191561884734	0.76172970864436	1	NA	NA	NA	***	100
6	20877001	21158000	281000	*	2	2	0	0.84	CN-LOH	1	0.19047619047619	1	NA	NA	NA	***	2
6	21158001	28529000	7371000	*	3	2	1	0.84	Mono-allelic Gain	0.935726346213912	0.668090149521401	1	NA	NA	NA	***	58
6	28529001	56464000	27935000	*	2	1	1	0.84	NA	NA	NA	NA	NA	NA	NA	NA	174
6	56464001	56592000	128000	*	1	1	0	0.84	NA	NA	NA	NA	NA	NA	NA	NA	0
6	56592001	60330165	3738165	*	2	1	1	0.84	NA	NA	NA	NA	NA	NA	NA	NA	12
6	60330166	116307000	55976835	*	2	1	1	0.84	NA	NA	NA	NA	NA	NA	NA	NA	589
6	116307001	116423000	116000	*	1	1	0	0.84	NA	NA	NA	NA	NA	NA	NA	NA	0
6	116423001	120463000	4040000	*	2	1	1	0.84	NA	NA	NA	NA	NA	NA	NA	NA	46
6	120463001	120613000	150000	*	1	1	0	0.84	NA	NA	NA	NA	NA	NA	NA	NA	2
6	120613001	148461000	27848000	*	2	1	1	0.84	NA	NA	NA	NA	NA	NA	NA	NA	233
6	148461001	148608000	147000	*	1	1	0	0.84	NA	NA	NA	NA	NA	NA	NA	NA	1
6	148608001	149938000	1330000	*	2	1	1	0.84	NA	NA	NA	NA	NA	NA	NA	NA	6
6	149938001	150158000	220000	*	1	1	0	0.84	NA	NA	NA	NA	NA	NA	NA	NA	0
6	150158001	151208000	1050000	*	2	1	1	0.84	NA	NA	NA	NA	NA	NA	NA	NA	6
6	151208001	151407000	199000	*	1	1	0	0.84	NA	NA	NA	NA	NA	NA	NA	NA	0
6	151407001	151780000	373000	*	2	1	1	0.84	NA	NA	NA	NA	NA	NA	NA	NA	4
6	151780001	152411000	631000	*	1	1	0	0.84	NA	NA	NA	NA	NA	NA	NA	NA	1
6	152411001	171115067	18704067	*	2	1	1	0.84	NA	NA	NA	NA	NA	NA	NA	NA	165
7	1	5384000	5384000	*	3	2	1	0.84	Mono-allelic Gain	0.644875789181065	0.364053223254141	0.890137810001832	NA	NA	NA	***	49
7	5384001	5481000	97000	*	2	2	0	0.84	CN-LOH	NA	NA	NA	NA	NA	NA	NA	0
7	5481001	7713000	2232000	*	3	2	1	0.84	Mono-allelic Gain	0.666665832163259	4.08712053347692e-46	1	NA	NA	NA	***	7
7	7713001	8042000	329000	*	2	1	1	0.84	NA	NA	NA	NA	NA	NA	NA	NA	0
7	8042001	30071000	22029000	*	3	2	1	0.84	Mono-allelic Gain	0.698188838958552	0.563591412504996	0.81835730964645	NA	NA	NA	***	198
7	30071001	30209000	138000	*	2	2	0	0.84	CN-LOH	4.4501477170144e-308	0	0.944444444444445	NA	NA	NA	***	1
7	30209001	32888000	2679000	*	3	2	1	0.84	Mono-allelic Gain	0.789473681664576	0.260061907153271	1	NA	NA	NA	***	14
7	32888001	32972000	84000	*	2	1	1	0.84	NA	NA	NA	NA	NA	NA	NA	NA	0
7	32972001	36954000	3982000	*	3	2	1	0.84	Mono-allelic Gain	0.899999894952605	0.448717140344622	1	NA	NA	NA	***	21
7	36954001	37046000	92000	*	2	1	1	0.84	NA	NA	NA	NA	NA	NA	NA	NA	0
7	37046001	40617000	3571000	*	3	2	1	0.84	Mono-allelic Gain	0.875100168893871	0.463463575403903	1	NA	NA	NA	***	27
7	40617001	40798000	181000	*	2	1	1	0.84	NA	NA	NA	NA	NA	NA	NA	NA	2
7	40798001	59554330	18756330	*	3	2	1	0.84	Mono-allelic Gain	0.718511614293466	0.564830621540227	0.848529775967437	NA	NA	NA	***	165
7	59554331	69570000	10015670	*	3	2	1	0.84	Mono-allelic Gain	0.750619186307164	0.420797117129122	1	NA	NA	NA	***	37
7	69570001	69636000	66000	*	2	1	1	0.84	NA	NA	NA	NA	NA	NA	NA	NA	0
7	69636001	69917000	281000	*	1	1	0	0.84	NA	NA	NA	NA	NA	NA	NA	NA	0
7	69917001	70137000	220000	*	0	0	0	0.84	NA	NA	NA	NA	NA	NA	NA	NA	0
7	70137001	70201000	64000	*	1	1	0	0.84	NA	NA	NA	NA	NA	NA	NA	NA	0
7	70201001	77372000	7171000	*	3	2	1	0.84	Mono-allelic Gain	0.764720355828823	0.466095740291835	0.989261757156767	NA	NA	NA	***	44
7	77372001	77507000	135000	*	2	1	1	0.84	NA	NA	NA	NA	NA	NA	NA	NA	1
7	77507001	78009000	502000	*	3	2	1	0.84	Mono-allelic Gain	0.750003933579198	1.49633148713141e-257	1	NA	NA	NA	***	3
7	78009001	78248000	239000	*	4	2	2	0.84	Bi-allelic Gain (WGD)	0.888887871703407	0.333326436466025	1	NA	NA	NA	***	5
7	78248001	78311000	63000	*	3	2	1	0.84	Mono-allelic Gain	0.999999647287273	5.00400053478508e-36	1	NA	NA	NA	***	4
7	78311001	78746000	435000	*	2	1	1	0.84	NA	NA	NA	NA	NA	NA	NA	NA	5
7	78746001	90325000	11579000	*	3	2	1	0.84	Mono-allelic Gain	0.792707625666512	0.648799269257678	0.907224049337992	NA	NA	NA	***	149
7	90325001	90801000	476000	*	2	2	0	0.84	CN-LOH	4.4501477170144e-308	0	0.625000212370561	NA	NA	NA	***	3
7	90801001	105291000	14490000	*	3	2	1	0.84	Mono-allelic Gain	0.857390499145026	0.669475783365935	1	NA	NA	NA	***	88
7	105291001	105581000	290000	*	2	1	1	0.84	NA	NA	NA	NA	NA	NA	NA	NA	0
7	105581001	110587000	5006000	*	3	2	1	0.84	Mono-allelic Gain	0.631618431876325	0.323840789019291	0.859374976480603	NA	NA	NA	***	45
7	110587001	110606000	19000	*	1	1	0	0.84	NA	NA	NA	NA	NA	NA	NA	NA	0
7	110606001	110703000	97000	*	2	1	1	0.84	NA	NA	NA	NA	NA	NA	NA	NA	0
7	110703001	110911000	208000	*	1	1	0	0.84	NA	NA	NA	NA	NA	NA	NA	NA	0
7	110911001	111495000	584000	*	3	2	1	0.84	Mono-allelic Gain	1	0.444444444444444	1	NA	NA	NA	***	4
7	111495001	111680000	185000	*	2	2	0	0.84	CN-LOH	NA	NA	NA	NA	NA	NA	NA	0
7	111680001	114074000	2394000	*	3	2	1	0.84	Mono-allelic Gain	0.858485206487452	0.488530367291731	1	NA	NA	NA	***	30
7	114074001	114286000	212000	*	2	1	1	0.84	NA	NA	NA	NA	NA	NA	NA	NA	2
7	114286001	127448000	13162000	*	3	2	1	0.84	Mono-allelic Gain	0.891198267382459	0.751081476666239	0.996890734178502	NA	NA	NA	***	152
7	127448001	127685000	237000	*	2	1	1	0.84	NA	NA	NA	NA	NA	NA	NA	NA	1
7	127685001	133373000	5688000	*	3	2	1	0.84	Mono-allelic Gain	0.627907455078006	0.2753039937357	0.891026645552358	NA	NA	NA	***	34
7	133373001	133470000	97000	*	2	1	1	0.84	NA	NA	NA	NA	NA	NA	NA	NA	4
7	133470001	133660000	190000	*	1	1	0	0.84	NA	NA	NA	NA	NA	NA	NA	NA	0
7	133660001	133855000	195000	*	2	1	1	0.84	NA	NA	NA	NA	NA	NA	NA	NA	2
7	133855001	151243000	17388000	*	3	2	1	0.84	Mono-allelic Gain	0.788572830493864	0.638542690530534	0.901632053597302	NA	NA	NA	***	172
7	151243001	151318000	75000	*	2	1	1	0.84	NA	NA	NA	NA	NA	NA	NA	NA	2
7	151318001	156954000	5636000	*	3	2	1	0.84	Mono-allelic Gain	0.945201831117416	0.681800463060755	1	NA	NA	NA	***	50
7	156954001	157023000	69000	*	1	1	0	0.84	NA	NA	NA	NA	NA	NA	NA	NA	0
7	157023001	159138663	2115663	*	3	2	1	0.84	Mono-allelic Gain	0.708451846174768	0.346805514735614	0.980245776479285	NA	NA	NA	***	29
8	1	3258000	3258000	*	2	1	1	0.84	NA	NA	NA	NA	NA	NA	NA	NA	43
8	3258001	3921000	663000	*	1	1	0	0.84	NA	NA	NA	NA	NA	NA	NA	NA	3
8	3921001	4235000	314000	*	1	1	0	0.84	NA	NA	NA	NA	NA	NA	NA	NA	0
8	4235001	18420000	14185000	*	2	1	1	0.84	NA	NA	NA	NA	NA	NA	NA	NA	110
8	18420001	18671000	251000	*	1	1	0	0.84	NA	NA	NA	NA	NA	NA	NA	NA	0
8	18671001	45338886	26667886	*	2	1	1	0.84	NA	NA	NA	NA	NA	NA	NA	NA	221
8	45338887	48709000	3370114	*	2	1	1	0.84	NA	NA	NA	NA	NA	NA	NA	NA	7
8	48709001	48961000	252000	*	1	1	0	0.84	NA	NA	NA	NA	NA	NA	NA	NA	0
8	48961001	97779000	48818000	*	2	1	1	0.84	NA	NA	NA	NA	NA	NA	NA	NA	470
8	97779001	98033000	254000	*	1	1	0	0.84	NA	NA	NA	NA	NA	NA	NA	NA	1
8	98033001	124356000	26323000	*	2	1	1	0.84	NA	NA	NA	NA	NA	NA	NA	NA	237
8	124356001	124437000	81000	*	1	1	0	0.84	NA	NA	NA	NA	NA	NA	NA	NA	0
8	124437001	146364022	21927022	*	2	1	1	0.84	NA	NA	NA	NA	NA	NA	NA	NA	173
9	1	22655000	22655000	*	2	1	1	0.84	NA	NA	NA	NA	NA	NA	NA	NA	188
9	22655001	23032000	377000	*	1	1	0	0.84	NA	NA	NA	NA	NA	NA	NA	NA	1
9	23032001	38096000	15064000	*	2	1	1	0.84	NA	NA	NA	NA	NA	NA	NA	NA	155
9	38096001	38179000	83000	*	1	1	0	0.84	NA	NA	NA	NA	NA	NA	NA	NA	0
9	38179001	48867678	10688678	*	2	1	1	0.84	NA	NA	NA	NA	NA	NA	NA	NA	2
9	48867679	119290000	70422322	*	2	1	1	0.84	NA	NA	NA	NA	NA	NA	NA	NA	353
9	119290001	119392000	102000	*	1	1	0	0.84	NA	NA	NA	NA	NA	NA	NA	NA	1
9	119392001	126158000	6766000	*	2	1	1	0.84	NA	NA	NA	NA	NA	NA	NA	NA	47
9	126158001	126444000	286000	*	1	1	0	0.84	NA	NA	NA	NA	NA	NA	NA	NA	0
9	126444001	128405000	1961000	*	2	1	1	0.84	NA	NA	NA	NA	NA	NA	NA	NA	18
9	128405001	128617000	212000	*	1	1	0	0.84	NA	NA	NA	NA	NA	NA	NA	NA	1
9	128617001	129720000	1103000	*	2	1	1	0.84	NA	NA	NA	NA	NA	NA	NA	NA	3
9	129720001	130048000	328000	*	1	1	0	0.84	NA	NA	NA	NA	NA	NA	NA	NA	0
9	130048001	134328000	4280000	*	2	1	1	0.84	NA	NA	NA	NA	NA	NA	NA	NA	21
9	134328001	134406000	78000	*	1	1	0	0.84	NA	NA	NA	NA	NA	NA	NA	NA	1
9	134406001	140320000	5914000	*	2	1	1	0.84	NA	NA	NA	NA	NA	NA	NA	NA	36
9	140320001	140562000	242000	*	1	1	0	0.84	NA	NA	NA	NA	NA	NA	NA	NA	0
9	140562001	141213431	651431	*	2	1	1	0.84	NA	NA	NA	NA	NA	NA	NA	NA	3
10	1	40754934	40754934	*	2	1	1	0.84	NA	NA	NA	NA	NA	NA	NA	NA	342
10	40754935	65063000	24308066	*	2	1	1	0.84	NA	NA	NA	NA	NA	NA	NA	NA	169
10	65063001	65087000	24000	*	1	1	0	0.84	NA	NA	NA	NA	NA	NA	NA	NA	1
10	65087001	65208000	121000	*	0	0	0	0.84	NA	NA	NA	NA	NA	NA	NA	NA	0
10	65208001	65271000	63000	*	1	1	0	0.84	NA	NA	NA	NA	NA	NA	NA	NA	1
10	65271001	74773000	9502000	*	2	1	1	0.84	NA	NA	NA	NA	NA	NA	NA	NA	65
10	74773001	74829000	56000	*	1	1	0	0.84	NA	NA	NA	NA	NA	NA	NA	NA	0
10	74829001	76037000	1208000	*	2	1	1	0.84	NA	NA	NA	NA	NA	NA	NA	NA	4
10	76037001	76386000	349000	*	1	1	0	0.84	NA	NA	NA	NA	NA	NA	NA	NA	0
10	76386001	77224000	838000	*	2	1	1	0.84	NA	NA	NA	NA	NA	NA	NA	NA	7
10	77224001	77543000	319000	*	1	1	0	0.84	NA	NA	NA	NA	NA	NA	NA	NA	0
10	77543001	77687000	144000	*	2	1	1	0.84	NA	NA	NA	NA	NA	NA	NA	NA	2
10	77687001	77880000	193000	*	1	1	0	0.84	NA	NA	NA	NA	NA	NA	NA	NA	0
10	77880001	78203000	323000	*	0	0	0	0.84	NA	NA	NA	NA	NA	NA	NA	NA	0
10	78203001	78305000	102000	*	1	1	0	0.84	NA	NA	NA	NA	NA	NA	NA	NA	0
10	78305001	93836000	15531000	*	2	1	1	0.84	NA	NA	NA	NA	NA	NA	NA	NA	119
10	93836001	94068000	232000	*	1	1	0	0.84	NA	NA	NA	NA	NA	NA	NA	NA	1
10	94068001	96007000	1939000	*	2	1	1	0.84	NA	NA	NA	NA	NA	NA	NA	NA	10
10	96007001	96077000	70000	*	1	1	0	0.84	NA	NA	NA	NA	NA	NA	NA	NA	0
10	96077001	128601000	32524000	*	2	1	1	0.84	NA	NA	NA	NA	NA	NA	NA	NA	238
10	128601001	128859000	258000	*	1	1	0	0.84	NA	NA	NA	NA	NA	NA	NA	NA	0
10	128859001	135203000	6344000	*	2	1	1	0.84	NA	NA	NA	NA	NA	NA	NA	NA	60
10	135203001	135325000	122000	*	1	1	0	0.84	NA	NA	NA	NA	NA	NA	NA	NA	0
10	135325001	135534747	209747	*	2	1	1	0.84	NA	NA	NA	NA	NA	NA	NA	NA	0
11	1	4019000	4019000	*	2	1	1	0.84	NA	NA	NA	NA	NA	NA	NA	NA	18
11	4019001	4109000	90000	*	1	1	0	0.84	NA	NA	NA	NA	NA	NA	NA	NA	0
11	4109001	14625000	10516000	*	2	1	1	0.84	NA	NA	NA	NA	NA	NA	NA	NA	65
11	14625001	14830000	205000	*	1	1	0	0.84	NA	NA	NA	NA	NA	NA	NA	NA	1
11	14830001	19269000	4439000	*	2	1	1	0.84	NA	NA	NA	NA	NA	NA	NA	NA	32
11	19269001	19855000	586000	*	1	1	0	0.84	NA	NA	NA	NA	NA	NA	NA	NA	0
11	19855001	28040000	8185000	*	2	1	1	0.84	NA	NA	NA	NA	NA	NA	NA	NA	84
11	28040001	28157000	117000	*	1	1	0	0.84	NA	NA	NA	NA	NA	NA	NA	NA	0
11	28157001	53144204	24987204	*	2	1	1	0.84	NA	NA	NA	NA	NA	NA	NA	NA	210
11	53144205	63773000	10628796	*	2	1	1	0.84	NA	NA	NA	NA	NA	NA	NA	NA	61
11	63773001	64047000	274000	*	1	1	0	0.84	NA	NA	NA	NA	NA	NA	NA	NA	0
11	64047001	70452000	6405000	*	2	1	1	0.84	NA	NA	NA	NA	NA	NA	NA	NA	30
11	70452001	70539000	87000	*	1	1	0	0.84	NA	NA	NA	NA	NA	NA	NA	NA	1
11	70539001	83994000	13455000	*	2	1	1	0.84	NA	NA	NA	NA	NA	NA	NA	NA	103
11	83994001	84335000	341000	*	1	1	0	0.84	NA	NA	NA	NA	NA	NA	NA	NA	0
11	84335001	84701000	366000	*	0	0	0	0.84	NA	NA	NA	NA	NA	NA	NA	NA	1
11	84701001	84912000	211000	*	1	1	0	0.84	NA	NA	NA	NA	NA	NA	NA	NA	0
11	84912001	116941000	32029000	*	2	1	1	0.84	NA	NA	NA	NA	NA	NA	NA	NA	311
11	116941001	117015000	74000	*	1	1	0	0.84	NA	NA	NA	NA	NA	NA	NA	NA	0
11	117015001	118391000	1376000	*	2	1	1	0.84	NA	NA	NA	NA	NA	NA	NA	NA	9
11	118391001	135006516	16615516	*	3	2	1	0.84	Mono-allelic Gain	1	0.904694697884546	1	NA	NA	NA	***	145
12	1	11812000	11812000	*	2	1	1	0.84	NA	NA	NA	NA	NA	NA	NA	NA	81
12	11812001	12008000	196000	*	1	1	0	0.84	NA	NA	NA	NA	NA	NA	NA	NA	0
12	12008001	23781000	11773000	*	2	1	1	0.84	NA	NA	NA	NA	NA	NA	NA	NA	71
12	23781001	24010000	229000	*	1	1	0	0.84	NA	NA	NA	NA	NA	NA	NA	NA	1
12	24010001	24158000	148000	*	0	0	0	0.84	NA	NA	NA	NA	NA	NA	NA	NA	0
12	24158001	24268000	110000	*	1	1	0	0.84	NA	NA	NA	NA	NA	NA	NA	NA	1
12	24268001	36356693	12088693	*	2	1	1	0.84	NA	NA	NA	NA	NA	NA	NA	NA	89
12	36356694	74036000	37679307	*	2	1	1	0.84	NA	NA	NA	NA	NA	NA	NA	NA	298
12	74036001	74298000	262000	*	1	1	0	0.84	NA	NA	NA	NA	NA	NA	NA	NA	2
12	74298001	111505000	37207000	*	2	1	1	0.84	NA	NA	NA	NA	NA	NA	NA	NA	325
12	111505001	111772000	267000	*	1	1	0	0.84	NA	NA	NA	NA	NA	NA	NA	NA	0
12	111772001	112695000	923000	*	2	1	1	0.84	NA	NA	NA	NA	NA	NA	NA	NA	8
12	112695001	112767000	72000	*	1	1	0	0.84	NA	NA	NA	NA	NA	NA	NA	NA	0
12	112767001	123518000	10751000	*	2	1	1	0.84	NA	NA	NA	NA	NA	NA	NA	NA	70
12	123518001	123587000	69000	*	1	1	0	0.84	NA	NA	NA	NA	NA	NA	NA	NA	0
12	123587001	125427000	1840000	*	2	1	1	0.84	NA	NA	NA	NA	NA	NA	NA	NA	9
12	125427001	125504000	77000	*	1	1	0	0.84	NA	NA	NA	NA	NA	NA	NA	NA	0
12	125504001	133227000	7723000	*	2	1	1	0.84	NA	NA	NA	NA	NA	NA	NA	NA	100
12	133227001	133313000	86000	*	1	1	0	0.84	NA	NA	NA	NA	NA	NA	NA	NA	0
12	133313001	133851895	538895	*	2	1	1	0.84	NA	NA	NA	NA	NA	NA	NA	NA	1
13	1	17499999	17499999	*	2	1	1	0.84	NA	NA	NA	NA	NA	NA	NA	NA	0
13	17500000	43801000	26301001	*	2	1	1	0.84	NA	NA	NA	NA	NA	NA	NA	NA	208
13	43801001	43945000	144000	*	1	1	0	0.84	NA	NA	NA	NA	NA	NA	NA	NA	0
13	43945001	47567000	3622000	*	2	1	1	0.84	NA	NA	NA	NA	NA	NA	NA	NA	19
13	47567001	47922000	355000	*	1	1	0	0.84	NA	NA	NA	NA	NA	NA	NA	NA	0
13	47922001	48559000	637000	*	2	1	1	0.84	NA	NA	NA	NA	NA	NA	NA	NA	7
13	48559001	48650000	91000	*	1	1	0	0.84	NA	NA	NA	NA	NA	NA	NA	NA	0
13	48650001	50624000	1974000	*	2	1	1	0.84	NA	NA	NA	NA	NA	NA	NA	NA	12
13	50624001	50685000	61000	*	1	1	0	0.84	NA	NA	NA	NA	NA	NA	NA	NA	0
13	50685001	94243000	43558000	*	2	1	1	0.84	NA	NA	NA	NA	NA	NA	NA	NA	567
13	94243001	94394000	151000	*	1	1	0	0.84	NA	NA	NA	NA	NA	NA	NA	NA	1
13	94394001	94466000	72000	*	2	1	1	0.84	NA	NA	NA	NA	NA	NA	NA	NA	1
13	94466001	94654000	188000	*	1	1	0	0.84	NA	NA	NA	NA	NA	NA	NA	NA	0
13	94654001	101054000	6400000	*	2	1	1	0.84	NA	NA	NA	NA	NA	NA	NA	NA	50
13	101054001	101104000	50000	*	1	1	0	0.84	NA	NA	NA	NA	NA	NA	NA	NA	0
13	101104001	115169878	14065878	*	2	1	1	0.84	NA	NA	NA	NA	NA	NA	NA	NA	153
14	1	17499999	17499999	*	2	1	1	0.84	NA	NA	NA	NA	NA	NA	NA	NA	0
14	17500000	35751000	18251001	*	2	1	1	0.84	NA	NA	NA	NA	NA	NA	NA	NA	130
14	35751001	35879000	128000	*	3	2	1	0.84	Mono-allelic Gain	1	0.124999999999999	1	NA	NA	NA	***	1
14	35879001	38098000	2219000	*	2	1	1	0.84	NA	NA	NA	NA	NA	NA	NA	NA	19
14	38098001	38181000	83000	*	1	1	0	0.84	NA	NA	NA	NA	NA	NA	NA	NA	0
14	38181001	51292000	13111000	*	2	1	1	0.84	NA	NA	NA	NA	NA	NA	NA	NA	148
14	51292001	51625000	333000	*	1	1	0	0.84	NA	NA	NA	NA	NA	NA	NA	NA	1
14	51625001	51833000	208000	*	2	1	1	0.84	NA	NA	NA	NA	NA	NA	NA	NA	7
14	51833001	52081000	248000	*	1	1	0	0.84	NA	NA	NA	NA	NA	NA	NA	NA	0
14	52081001	52193000	112000	*	2	1	1	0.84	NA	NA	NA	NA	NA	NA	NA	NA	2
14	52193001	52428000	235000	*	1	1	0	0.84	NA	NA	NA	NA	NA	NA	NA	NA	0
14	52428001	53067000	639000	*	2	1	1	0.84	NA	NA	NA	NA	NA	NA	NA	NA	9
14	53067001	53127000	60000	*	1	1	0	0.84	NA	NA	NA	NA	NA	NA	NA	NA	0
14	53127001	67056000	13929000	*	2	1	1	0.84	NA	NA	NA	NA	NA	NA	NA	NA	99
14	67056001	67299000	243000	*	1	1	0	0.84	NA	NA	NA	NA	NA	NA	NA	NA	0
14	67299001	67371000	72000	*	0	0	0	0.84	NA	NA	NA	NA	NA	NA	NA	NA	0
14	67371001	67405000	34000	*	1	1	0	0.84	NA	NA	NA	NA	NA	NA	NA	NA	1
14	67405001	67618000	213000	*	2	1	1	0.84	NA	NA	NA	NA	NA	NA	NA	NA	2
14	67618001	67641000	23000	*	1	1	0	0.84	NA	NA	NA	NA	NA	NA	NA	NA	0
14	67641001	67794000	153000	*	0	0	0	0.84	NA	NA	NA	NA	NA	NA	NA	NA	0
14	67794001	68534000	740000	*	1	1	0	0.84	NA	NA	NA	NA	NA	NA	NA	NA	2
14	68534001	68823000	289000	*	0	0	0	0.84	NA	NA	NA	NA	NA	NA	NA	NA	0
14	68823001	107349540	38526540	*	1	1	0	0.84	NA	NA	NA	NA	NA	NA	NA	NA	115
15	1	18499999	18499999	*	2	1	1	0.84	NA	NA	NA	NA	NA	NA	NA	NA	0
15	18500000	35098000	16598001	*	2	1	1	0.84	NA	NA	NA	NA	NA	NA	NA	NA	95
15	35098001	64553000	29455000	*	3	2	1	0.84	Mono-allelic Gain	0.0544294809133726	0.0108546959665796	0.113000554006118	NA	NA	NA	***	271
15	64553001	64921000	368000	*	2	2	0	0.84	CN-LOH	4.4501477170144e-308	0	0.5	NA	NA	NA	***	5
15	64921001	67361000	2440000	*	3	2	1	0.84	Mono-allelic Gain	5.21494236360769e-245	6.36680739933963e-315	0.25	NA	NA	NA	***	15
15	67361001	67471000	110000	*	2	2	0	0.84	CN-LOH	4.4501477170144e-308	0	0.944444444444445	NA	NA	NA	***	1
15	67471001	75686000	8215000	*	3	2	1	0.84	Mono-allelic Gain	0.0469377517648241	6.32195305695954e-206	0.203824857991895	NA	NA	NA	***	63
15	75686001	75921000	235000	*	2	2	0	0.84	CN-LOH	NA	NA	NA	NA	NA	NA	NA	0
15	75921001	102531392	26610392	*	3	2	1	0.84	Mono-allelic Gain	0.0769304588751183	0.0288407197456744	0.137613920785937	NA	NA	NA	***	304
16	1	36835800	36835800	*	2	1	1	0.84	NA	NA	NA	NA	NA	NA	NA	NA	205
16	36835801	78370000	41534200	*	2	1	1	0.84	NA	NA	NA	NA	NA	NA	NA	NA	261
16	78370001	78566000	196000	*	1	1	0	0.84	NA	NA	NA	NA	NA	NA	NA	NA	0
16	78566001	78676000	110000	*	2	1	1	0.84	NA	NA	NA	NA	NA	NA	NA	NA	1
16	78676001	79170000	494000	*	1	1	0	0.84	NA	NA	NA	NA	NA	NA	NA	NA	0
16	79170001	80999000	1829000	*	2	1	1	0.84	NA	NA	NA	NA	NA	NA	NA	NA	11
16	80999001	81052000	53000	*	1	1	0	0.84	NA	NA	NA	NA	NA	NA	NA	NA	0
16	81052001	85489000	4437000	*	2	1	1	0.84	NA	NA	NA	NA	NA	NA	NA	NA	36
16	85489001	85644000	155000	*	1	1	0	0.84	NA	NA	NA	NA	NA	NA	NA	NA	0
16	85644001	90354753	4710753	*	2	1	1	0.84	NA	NA	NA	NA	NA	NA	NA	NA	24
17	1	23763005	23763005	*	1	1	0	0.84	NA	NA	NA	NA	NA	NA	NA	NA	56
17	23763006	27802000	4038995	*	2	1	1	0.84	NA	NA	NA	NA	NA	NA	NA	NA	11
17	27802001	27873000	71000	*	1	1	0	0.84	NA	NA	NA	NA	NA	NA	NA	NA	0
17	27873001	79840000	51967000	*	2	1	1	0.84	NA	NA	NA	NA	NA	NA	NA	NA	323
17	79840001	79957000	117000	*	1	1	0	0.84	NA	NA	NA	NA	NA	NA	NA	NA	0
17	79957001	81195210	1238210	*	2	1	1	0.84	NA	NA	NA	NA	NA	NA	NA	NA	4
18	1	697000	697000	*	3	2	1	0.84	Mono-allelic Gain	0.999994921183066	0	1	NA	NA	NA	***	2
18	697001	794000	97000	*	2	2	0	0.84	CN-LOH	NA	NA	NA	NA	NA	NA	NA	0
18	794001	7691000	6897000	*	3	2	1	0.84	Mono-allelic Gain	0.92309173805655	0.70129867401401	1	NA	NA	NA	***	72
18	7691001	16960897	9269897	*	2	1	1	0.84	NA	NA	NA	NA	NA	NA	NA	NA	34
18	16960898	20530000	3569103	*	2	1	1	0.84	NA	NA	NA	NA	NA	NA	NA	NA	10
18	20530001	20598000	68000	*	1	1	0	0.84	NA	NA	NA	NA	NA	NA	NA	NA	0
18	20598001	25529000	4931000	*	2	1	1	0.84	NA	NA	NA	NA	NA	NA	NA	NA	45
18	25529001	25725000	196000	*	1	1	0	0.84	NA	NA	NA	NA	NA	NA	NA	NA	1
18	25725001	45717000	19992000	*	2	1	1	0.84	NA	NA	NA	NA	NA	NA	NA	NA	215
18	45717001	46256000	539000	*	1	1	0	0.84	NA	NA	NA	NA	NA	NA	NA	NA	3
18	46256001	78077248	31821248	*	2	1	1	0.84	NA	NA	NA	NA	NA	NA	NA	NA	334
19	1	2120000	2120000	*	2	1	1	0.84	NA	NA	NA	NA	NA	NA	NA	NA	12
19	2120001	2188000	68000	*	1	1	0	0.84	NA	NA	NA	NA	NA	NA	NA	NA	0
19	2188001	26181781	23993781	*	2	1	1	0.84	NA	NA	NA	NA	NA	NA	NA	NA	127
19	26181782	45335000	19153219	*	2	1	1	0.84	NA	NA	NA	NA	NA	NA	NA	NA	124
19	45335001	45391000	56000	*	3	2	1	0.84	Mono-allelic Gain	NA	NA	NA	NA	NA	NA	NA	0
19	45391001	58797000	13406000	*	2	1	1	0.84	NA	NA	NA	NA	NA	NA	NA	NA	76
19	58797001	59128983	331983	*	1	1	0	0.84	NA	NA	NA	NA	NA	NA	NA	NA	1
20	1	3899000	3899000	*	2	1	1	0.84	NA	NA	NA	NA	NA	NA	NA	NA	15
20	3899001	4012000	113000	*	1	1	0	0.84	NA	NA	NA	NA	NA	NA	NA	NA	1
20	4012001	8767000	4755000	*	2	1	1	0.84	NA	NA	NA	NA	NA	NA	NA	NA	53
20	8767001	8823000	56000	*	1	1	0	0.84	NA	NA	NA	NA	NA	NA	NA	NA	0
20	8823001	14811000	5988000	*	2	1	1	0.84	NA	NA	NA	NA	NA	NA	NA	NA	55
20	14811001	15171000	360000	*	1	1	0	0.84	NA	NA	NA	NA	NA	NA	NA	NA	0
20	15171001	15276000	105000	*	2	1	1	0.84	NA	NA	NA	NA	NA	NA	NA	NA	0
20	15276001	15713000	437000	*	1	1	0	0.84	NA	NA	NA	NA	NA	NA	NA	NA	1
20	15713001	27869568	12156568	*	2	1	1	0.84	NA	NA	NA	NA	NA	NA	NA	NA	83
20	27869569	34464000	6594432	*	2	1	1	0.84	NA	NA	NA	NA	NA	NA	NA	NA	16
20	34464001	35435000	971000	*	3	2	1	0.84	Mono-allelic Gain	0.857142875938567	6.18599423367941e-40	1	NA	NA	NA	***	5
20	35435001	35550000	115000	*	2	2	0	0.84	CN-LOH	1	8.95180245089137e-06	1	NA	NA	NA	***	2
20	35550001	42257000	6707000	*	3	2	1	0.84	Mono-allelic Gain	0.956521750278947	0.677599458059362	1	NA	NA	NA	***	47
20	42257001	42697000	440000	*	2	2	0	0.84	CN-LOH	NA	NA	NA	NA	NA	NA	NA	0
20	42697001	63025520	20328520	*	3	2	1	0.84	Mono-allelic Gain	0.919812957301801	0.779384375918842	1	NA	NA	NA	***	147
21	1	12788128	12788128	*	2	1	1	0.84	NA	NA	NA	NA	NA	NA	NA	NA	0
21	12788129	17828000	5039872	*	2	1	1	0.84	NA	NA	NA	NA	NA	NA	NA	NA	16
21	17828001	17913000	85000	*	1	1	0	0.84	NA	NA	NA	NA	NA	NA	NA	NA	0
21	17913001	34986000	17073000	*	2	1	1	0.84	NA	NA	NA	NA	NA	NA	NA	NA	197
21	34986001	35234000	248000	*	1	1	0	0.84	NA	NA	NA	NA	NA	NA	NA	NA	0
21	35234001	48129895	12895895	*	2	1	1	0.84	NA	NA	NA	NA	NA	NA	NA	NA	92
22	1	14499999	14499999	*	1	1	0	0.84	NA	NA	NA	NA	NA	NA	NA	NA	0
22	14500000	32119000	17619001	*	1	1	0	0.84	NA	NA	NA	NA	NA	NA	NA	NA	29
22	32119001	32198000	79000	*	0	0	0	0.84	NA	NA	NA	NA	NA	NA	NA	NA	0
22	32198001	33708000	1510000	*	1	1	0	0.84	NA	NA	NA	NA	NA	NA	NA	NA	4
22	33708001	33763000	55000	*	0	0	0	0.84	NA	NA	NA	NA	NA	NA	NA	NA	0
22	33763001	51304566	17541566	*	1	1	0	0.84	NA	NA	NA	NA	NA	NA	NA	NA	41
X	1	44821000	44821000	*	1	1	0	0.84	NA	NA	NA	NA	NA	NA	NA	NA	7
X	44821001	44887000	66000	*	0	0	0	0.84	NA	NA	NA	NA	NA	NA	NA	NA	0
X	44887001	60132011	15245011	*	1	1	0	0.84	NA	NA	NA	NA	NA	NA	NA	NA	2
X	60132012	63127000	2994989	*	1	1	0	0.84	NA	NA	NA	NA	NA	NA	NA	NA	0
X	63127001	63491000	364000	*	0	0	0	0.84	NA	NA	NA	NA	NA	NA	NA	NA	0
X	63491001	64168000	677000	*	1	1	0	0.84	NA	NA	NA	NA	NA	NA	NA	NA	0
X	64168001	64371000	203000	*	0	0	0	0.84	NA	NA	NA	NA	NA	NA	NA	NA	0
X	64371001	155270560	90899560	*	1	1	0	0.84	NA	NA	NA	NA	NA	NA	NA	NA	13
Y	1	11604552	11604552	*	1	1	0	0.84	NA	NA	NA	NA	NA	NA	NA	NA	0
Y	11604553	59373566	47769014	*	1	1	0	0.84	NA	NA	NA	NA	NA	NA	NA	NA	2
