chr1	1247528	1247605	2	2	1	1	0	72
chr1	1247749	1247819	2	2	1	1	0	54
chr1	19491844	19492149	2	2	1	1	0	60
chr1	22186170	22186327	2	2	1	1	0	4
chr1	24019250	24020296	1	1	1	1	0	67
chr1	24020404	24021149	1	1	1	1	0	11
chr1	24021282	24022287	1	1	1	1	0	7
chr1	33272213	33276191	2	2	1	1	0	28
chr1	33276368	33276511	2	2	1	1	0	70
chr1	33292532	33293593	1	1	1	1	0	36
chr1	33293683	33295564	1	1	1	1	0	45
chr1	39880150	39888045	1	1	0	1	0	50
chr1	39888208	39888401	1	1	1	1	0	48
chr1	59132899	59133518	2	2	1	1	0	73
chr1	61554353	61743191	1	1	1	1	0	47
chr1	61743258	61798183	1	1	1	1	0	37
chr1	95699872	95709766	1	1	1	1	0	46
chr1	109319046	109321907	1	1	1	1	0	58
chr1	109325140	109325270	1	1	1	1	0	48
chr1	109325329	109336203	1	1	1	1	0	43
chr1	120307250	120311363	2	2	1	1	0	16
chr1	145440789	145440901	1	1	1	1	0	11
chr1	146412879	146414167	1	1	1	1	0	40
chr1	148568878	148569201	1	1	0	1	0	16
chr1	148577513	148577614	1	1	1	1	0	65
chr1	150940354	150940558	2	2	1	1	0	47
chr1	150940678	150940870	2	2	1	1	0	71
chr1	153737540	153740154	1	1	0	1	0	48
chr1	153740304	153741368	1	1	1	1	0	53
chr1	153741438	153742244	1	1	1	1	0	28
chr1	153948382	153949168	2	2	1	1	0	9
chr1	155239508	155240598	2	2	1	1	0	21
chr1	155727115	155727681	2	2	1	1	0	20
chr1	155727759	155730234	2	2	0	1	0	38
chr1	161192313	161192707	2	2	1	4	0	63
chr1	161192841	161193139	2	2	1	2	0	54
chr1	161193216	161193384	2	2	1	2	0	20
chr1	169831939	169833509	2	2	1	1	0	36
chr1	169833650	169836036	2	2	1	1	0	59
chr1	171535561	171535730	1	1	1	1	0	31
chr1	173835935	173836128	2	2	1	1	0	6
chr1	177899065	177899679	2	2	1	1	0	56
chr1	177991804	177995289	2	2	0	1	0	63
chr1	182852771	182853747	1	1	1	1	0	56
chr1	183518424	183518898	1	1	1	1	0	59
chr1	196645196	196646605	1	1	1	1	0	42
chr1	196648924	196654193	1	1	1	1	0	22
chr1	203809503	203816311	1	1	1	1	0	64
chr1	204513813	204515924	1	1	1	1	0	20
chr1	204516006	204518240	1	1	1	1	0	49
chr1	205739582	205739860	2	2	1	1	0	62
chr1	207940541	207941123	1	1	1	1	0	42
chr1	207941169	207943665	1	1	1	1	0	42
chr1	207943708	207956636	1	1	1	1	0	21
chr1	207956676	207958415	1	1	1	1	0	24
chr1	207958452	207958963	1	1	1	1	0	36
chr1	207959028	207963597	1	1	1	1	0	25
chr1	210001516	210003452	1	1	1	1	0	38
chr1	210003493	210004147	1	1	1	1	0	40
chr1	212193611	212194424	2	2	1	1	0	17
chr1	212194555	212208685	2	2	1	1	0	11
chr1	215741112	215747128	1	1	1	1	0	1
chr1	215747183	215747415	1	1	1	1	0	46
chr1	215747462	215749243	1	1	1	1	0	46
chr1	215749318	215751012	1	1	1	1	0	59
chr1	215751072	215751343	1	1	1	1	0	9
chr1	220156187	220156530	2	2	1	1	0	57
chr1	230839076	230839938	2	2	1	2	0	48
chr1	230840084	230841678	2	2	1	2	0	69
chr2	21250938	21251198	2	2	1	1	0	33
chr2	24523041	24524022	2	2	1	1	0	19
chr2	42275979	42280378	1	1	1	2	0	33
chr2	44047240	44049935	2	2	1	1	0	50
chr2	44050075	44051051	2	2	1	1	0	49
chr2	47602439	47604152	1	1	1	1	0	20
chr2	47604217	47606091	1	1	1	1	0	64
chr2	47606194	47606907	1	1	1	1	0	34
chr2	54845331	54848536	1	1	1	1	0	40
chr2	54848650	54849436	1	1	1	1	0	27
chr2	56145187	56145353	2	2	1	1	0	49
chr2	56145403	56149494	2	2	1	1	0	39
chr2	70310820	70312678	2	2	1	1	0	30
chr2	86335660	86338235	1	1	1	1	0	32
chr2	86338282	86343652	1	1	1	1	0	46
chr2	86343722	86344177	1	1	1	1	0	63
chr2	88425868	88427469	2	2	1	2	0	32
chr2	96962430	96962670	2	2	1	1	0	37
chr2	96962809	96963100	2	2	1	1	0	25
chr2	98262653	98263529	1	1	1	1	0	23
chr2	98263604	98263806	1	1	1	1	0	53
chr2	108921157	108921627	1	1	1	1	0	11
chr2	108921723	108921870	1	1	1	1	0	44
chr2	113955491	113956316	1	1	1	1	0	75
chr2	121104213	121106674	1	1	1	1	0	66
chr2	122217702	122218676	2	2	1	1	0	45
chr2	122218770	122220107	2	2	1	1	0	12
chr2	132259082	132263884	1	1	1	1	0	20
chr2	132264016	132266109	1	1	1	1	0	37
chr2	171939363	171974248	2	2	1	1	0	49
chr2	171974368	172016799	2	2	1	1	0	20
chr2	189904290	189906311	2	2	1	1	0	49
chr2	189906420	189907445	2	2	1	1	0	45
chr2	198261053	198262708	2	2	1	1	0	69
chr2	198263306	198263692	2	2	0	1	0	59
chr2	209136416	209138307	1	1	1	1	0	27
chr2	209179148	209179916	1	1	1	1	0	44
chr2	209180098	209182590	1	1	1	1	0	53
chr2	209182666	209184975	1	1	1	1	0	22
chr2	211507390	211512586	1	1	1	1	0	22
chr2	216256538	216259250	2	2	1	1	0	35
chr2	216272045	216272830	2	2	1	1	0	55
chr2	220366760	220367103	1	1	1	1	0	60
chr2	220367164	220368804	1	1	1	1	0	26
chr2	232576130	232576599	1	1	1	1	0	48
chr2	232576694	232577152	1	1	1	1	0	40
chr2	232577227	232577513	1	1	1	1	0	36
chr2	241808780	241810060	1	1	1	1	0	41
chr2	241810126	241810765	1	1	1	2	0	50
chr2	241810867	241812395	1	1	1	2	0	71
chr2	241812467	241813394	1	1	1	1	0	1
chr2	241817568	241818130	1	1	1	1	0	44
chr3	4716933	4718297	1	1	1	1	0	12
chr3	4718486	4722236	1	1	1	1	0	11
chr3	11067563	11067920	1	1	1	1	0	51
chr3	12955054	12956603	2	2	1	1	0	30
chr3	12956634	12957093	2	2	1	1	0	30
chr3	12957234	12961929	2	2	1	1	0	61
chr3	12966243	12976947	2	2	1	1	0	19
chr3	15507945	15512042	2	2	1	1	0	31
chr3	33576954	33580280	2	2	1	1	0	32
chr3	44671037	44672305	1	1	1	1	0	46
chr3	44672439	44672553	1	1	1	1	0	8
chr3	46560554	46563011	2	2	1	1	0	62
chr3	48457577	48457754	2	2	1	1	0	25
chr3	48457861	48459319	2	2	1	1	0	72
chr3	48929506	48936122	2	2	1	1	0	33
chr3	49332032	49332612	2	2	0	1	0	35
chr3	49723166	49723292	2	2	1	1	0	72
chr3	49765712	49770223	2	2	1	1	0	57
chr3	49770406	49775644	2	2	1	1	0	24
chr3	52386724	52387118	1	1	1	1	0	65
chr3	52814399	52815955	1	1	1	1	0	20
chr3	52816082	52816166	1	1	1	1	0	4
chr3	52816284	52816972	1	1	1	1	0	46
chr3	52861214	52863134	2	2	1	1	0	43
chr3	53217223	53217467	1	1	1	1	0	21
chr3	56683086	56694758	2	2	1	1	0	55
chr3	114099252	114099623	2	2	1	1	0	4
chr3	124998092	125006946	2	2	1	2	0	73
chr3	125007073	125032151	2	2	1	2	0	44
chr3	133473516	133474206	1	1	1	1	0	40
chr3	142754947	142756020	1	1	1	1	0	50
chr3	148881737	148884820	1	1	1	1	0	69
chr3	184103948	184104279	1	1	1	1	0	59
chr3	186387818	186389411	1	1	1	1	0	64
chr3	186435527	186437893	1	1	1	1	0	51
chr3	186437979	186440225	1	1	0	1	0	36
chr3	186440311	186442876	1	1	1	1	0	29
chr3	193332831	193333462	1	1	1	1	0	53
chr3	193333560	193334966	1	1	1	1	0	21
chr3	193335075	193336657	1	1	1	1	0	20
chr4	995352	995433	1	1	0	1	0	31
chr4	1808662	1808842	1	1	1	1	0	55
chr4	9998566	10020598	2	2	1	1	0	59
chr4	10020698	10022903	2	2	1	2	0	54
chr4	69520901	69528725	2	2	1	1	0	64
chr4	74275205	74276028	1	1	1	1	0	67
chr4	74276127	74277712	1	1	1	1	0	50
chr4	74280885	74281972	1	1	1	1	0	75
chr4	74283387	74283804	1	1	1	1	0	52
chr4	74284029	74285223	1	1	1	1	0	71
chr4	74349707	74349974	1	1	1	1	0	49
chr4	74350108	74351157	1	1	0	1	0	38
chr4	74363467	74364830	1	1	1	1	0	67
chr4	74364964	74365720	1	1	1	1	0	6
chr4	100232061	100232677	2	2	1	2	0	25
chr4	100232814	100234977	2	2	1	2	0	55
chr4	100237275	100237371	2	2	1	1	0	46
chr4	110441641	110442272	1	1	1	1	0	56
chr4	110442329	110442575	1	1	1	1	0	46
chr4	148886281	148887830	1	1	1	1	0	27
chr4	148887991	148944413	1	1	1	1	0	5
chr4	155508071	155508663	2	2	1	1	0	16
chr4	155533051	155533169	2	2	1	2	0	31
chr4	158598486	158744953	2	2	1	1	0	59
chr4	184186922	184187017	1	1	1	1	0	73
chr4	184187105	184190123	1	1	1	1	0	22
chr5	1085589	1087017	2	2	1	1	0	56
chr5	1087149	1088420	2	2	1	1	0	28
chr5	1088476	1089096	2	2	1	1	0	55
chr5	14678885	14681572	1	1	1	1	0	37
chr5	14681717	14687629	1	1	1	1	0	8
chr5	14687756	14690147	1	1	1	1	0	16
chr5	41161962	41172326	2	2	1	1	0	36
chr5	42807211	42808252	2	2	1	1	0	47
chr5	42808469	42811937	2	2	1	1	0	37
chr5	74655965	74656112	1	1	1	1	0	19
chr5	78941016	78944439	1	1	1	1	0	66
chr5	137904739	137906648	2	2	1	1	0	14
chr5	139938407	139939897	2	2	1	1	0	36
chr5	140795179	140874373	1	1	1	2	0	59
chr5	140874433	140884959	1	1	1	2	0	19
chr5	142661607	142662132	2	2	1	2	0	16
chr5	149781814	149782125	2	2	1	1	0	61
chr5	149782189	149782683	2	2	1	1	0	63
chr5	159521073	159545811	2	2	1	1	0	49
chr5	179260783	179263435	1	3	1	1	0	29
chr6	20758875	20781375	1	1	1	1	0	44
chr6	20781497	20846305	1	1	1	1	0	3
chr6	20846410	20955649	1	1	1	1	0	43
chr6	24302075	24302195	2	2	1	1	0	54
chr6	24302273	24353796	2	2	1	1	0	31
chr6	24353852	24357685	2	2	1	1	0	55
chr6	31324220	31324464	2	2	1	1	0	44
chr6	31593940	31594548	1	1	1	1	0	60
chr6	31608306	31608421	2	2	1	1	0	44
chr6	31608482	31608568	2	2	1	1	0	57
chr6	31712077	31712322	1	1	1	1	0	12
chr6	31712359	31715163	1	1	0	1	0	36
chr6	31715210	31721077	1	1	1	1	0	46
chr6	31721217	31721343	1	1	1	1	0	63
chr6	31721407	31725941	1	1	1	1	0	22
chr6	31949950	31950081	1	1	1	0	1	58
chr6	31950977	31951054	1	1	1	0	1	14
chr6	31951144	31951361	1	1	1	0	1	47
chr6	31951445	31951614	1	1	1	0	1	36
chr6	31960322	31960572	1	1	1	0	1	37
chr6	31967174	31967263	1	1	1	0	1	68
chr6	31969188	31969272	1	1	1	0	1	67
chr6	31982688	31982819	1	1	1	0	1	58
chr6	31983715	31983792	1	1	1	0	1	14
chr6	31983882	31984099	1	1	1	0	1	47
chr6	31984183	31984352	1	1	1	0	1	36
chr6	31993060	31993310	1	1	1	0	1	37
chr6	31999911	32000000	1	1	1	0	1	68
chr6	32001925	32002009	1	1	1	0	1	67
chr6	32137226	32137742	2	2	1	1	0	40
chr6	32410471	32410961	1	1	1	1	0	58
chr6	33243844	33243952	1	1	1	2	0	50
chr6	33244045	33244167	1	1	1	2	0	35
chr6	36652324	36653527	1	1	1	1	0	57
chr6	52960463	52962519	1	1	1	2	0	53
chr6	56382104	56382298	2	2	1	1	0	73
chr6	56393724	56394245	2	2	1	2	0	21
chr6	56458992	56462537	2	2	1	1	0	70
chr6	56535606	56557185	2	2	0	1	0	15
chr6	64408496	64410239	1	1	1	1	0	21
chr6	64410357	64412397	1	1	1	1	0	50
chr6	74227658	74227752	2	2	1	2	0	55
chr6	76357518	76368977	1	1	1	1	0	46
chr6	76369124	76372936	1	1	1	1	0	59
chr6	109583295	109586003	1	1	1	1	0	71
chr6	126667465	126669611	1	1	1	1	0	67
chr6	135254171	135260403	2	2	1	1	0	65
chr6	135260554	135263546	2	2	1	1	0	18
chr6	144832260	144835044	1	1	1	1	0	16
chr6	153293590	153294180	2	2	1	1	0	44
chr6	153294272	153296041	2	2	1	1	0	15
chr6	160489418	160490899	1	1	1	1	0	71
chr6	160491091	160492941	1	1	1	1	0	10
chr6	160501308	160504981	1	1	1	1	0	50
chr6	161032754	161033963	2	2	1	0	1	62
chr6	161054945	161056154	2	2	1	0	1	62
chr6	161128839	161132108	1	1	1	1	0	69
chr6	161134158	161135825	1	1	1	1	0	49
chr6	168303067	168307850	1	1	1	1	0	36
chr6	168307970	168311780	1	1	1	1	0	33
chr6	168311843	168311963	1	1	1	1	0	54
chr7	193805	195553	1	1	1	1	0	12
chr7	1195221	1197291	2	2	1	1	0	25
chr7	5401665	5402280	2	2	1	1	0	19
chr7	5402457	5410005	2	2	1	1	0	13
chr7	45144309	45145039	2	2	1	1	0	19
chr7	55229325	55231425	1	1	1	1	0	65
chr7	72596189	72597154	1	1	1	0	1	65
chr7	72597339	72598700	1	1	1	0	1	41
chr7	74149875	74150841	1	1	1	0	1	65
chr7	74151026	74152386	1	1	1	0	1	41
chr7	74623735	74625096	2	2	1	0	1	41
chr7	74625281	74626246	2	2	1	0	1	65
chr7	86809019	86810624	1	1	1	1	0	33
chr7	86810658	86811543	1	1	1	1	0	28
chr7	86811654	86813712	1	1	1	1	0	12
chr7	86978500	86988521	1	1	1	1	0	59
chr7	86988647	86990705	1	1	1	1	0	1
chr7	95045610	95053826	2	2	1	1	0	47
chr7	100417919	100419892	2	2	1	1	0	62
chr7	102279647	102280650	2	2	1	1	0	64
chr7	141341709	141349062	1	1	1	1	0	40
chr7	141349134	141351324	1	1	1	1	0	39
chr7	144059947	144063447	1	1	0	1	0	24
chr7	144063506	144063938	1	1	1	1	0	58
chr7	144064004	144064194	1	1	1	1	0	3
chr7	149541826	149543239	1	1	1	1	0	46
chr7	149543345	149544823	1	1	1	1	0	17
chr7	151408356	151408376	1	3	0	1	0	73
chr7	151846238	151847984	2	2	1	1	0	70
chr8	38184375	38186895	2	2	1	1	0	3
chr8	48206620	48308935	1	1	1	1	0	29
chr8	99042843	99044473	1	1	1	1	0	45
chr8	99044546	99045326	1	1	1	1	0	33
chr8	99045405	99045788	1	1	1	1	0	1
chr8	99045888	99047884	1	5	1	1	0	50
chr8	145003740	145003813	2	2	1	1	0	26
chr8	145004231	145004311	2	2	1	1	0	72
chr8	145004467	145004551	2	2	1	1	0	20
chr8	145004705	145005701	2	2	1	1	0	54
chr8	145005828	145006104	2	2	1	1	0	47
chr8	145006201	145006297	2	2	1	1	0	7
chr9	26920383	26923175	2	2	1	1	0	71
chr9	26923346	26925822	2	2	1	1	0	21
chr9	34649562	34650365	1	1	1	1	0	54
chr9	66798886	66847071	2	2	0	1	0	25
chr9	79929581	79930168	1	1	1	1	0	54
chr9	100424427	100425235	1	1	1	1	0	68
chr9	100425330	100426621	1	1	1	1	0	56
chr9	112629852	112642830	1	1	1	1	0	8
chr9	112642962	112686014	1	1	1	1	0	11
chr9	112686130	112687340	1	1	1	1	0	22
chr9	112687363	112694206	1	1	1	1	0	22
chr9	116825039	116831978	2	2	1	1	0	7
chr9	116832026	116835204	2	2	1	1	0	47
chr9	116836433	116837239	2	2	1	1	0	44
chr9	117062968	117063351	1	1	1	1	0	12
chr9	117063406	117063563	1	1	1	1	0	36
chr9	117063600	117063724	1	1	1	1	0	18
chr9	117063743	117063961	1	1	1	1	0	18
chr9	117063998	117064361	1	1	1	1	0	27
chr9	117064389	117066887	1	1	1	1	0	27
chr9	123753559	123758517	2	2	1	1	0	11
chr9	123758579	123759824	2	2	1	1	0	61
chr9	123760053	123768196	2	2	1	1	0	54
chr9	127999434	128000419	2	2	1	1	0	70
chr9	130586726	130587078	2	2	1	1	0	46
chr9	130587254	130587509	2	2	1	1	0	14
chr9	130587637	130587973	2	2	1	1	0	9
chr9	136217175	136217451	1	1	1	1	0	36
chr9	136217583	136217856	1	1	1	1	0	45
chr9	139400334	139400978	2	2	1	1	0	54
chr9	140652464	140657126	1	1	1	1	0	26
chr9	140657273	140669560	1	1	1	1	0	18
chr10	4927286	4929529	2	2	1	1	0	17
chr10	4929607	4930276	2	2	1	1	0	75
chr10	5955803	5956140	1	1	1	1	0	33
chr10	5956233	5957365	1	1	1	1	0	37
chr10	16794653	16794916	2	2	1	1	0	58
chr10	16796989	16806388	2	2	1	1	0	64
chr10	28413046	28413938	2	2	1	1	0	32
chr10	28414021	28420488	2	2	1	1	0	35
chr10	45467297	45477968	1	1	1	1	0	21
chr10	70947513	70949022	1	1	1	1	0	50
chr10	78711918	78713558	2	2	1	1	0	4
chr10	78713683	78729731	2	2	1	1	0	32
chr10	78729826	78734244	2	2	1	1	0	24
chr10	91353078	91353569	2	2	1	1	0	72
chr10	91353747	91359008	2	2	1	1	0	58
chr10	95353793	95360149	2	2	1	1	0	17
chr10	95360257	95360423	2	2	1	1	0	26
chr10	97442562	97442857	2	2	1	2	0	45
chr10	101565205	101567140	1	1	1	1	0	55
chr10	101567279	101567839	1	1	1	1	0	40
chr10	101571360	101572774	1	1	1	1	0	8
chr10	101572902	101576820	1	1	0	1	0	15
chr10	101581687	101590063	1	1	0	1	0	39
chr10	106014721	106014924	1	1	0	1	0	74
chr10	106019557	106022736	1	1	1	1	0	37
chr10	111637626	111637757	2	2	1	1	0	51
chr10	111637817	111639945	2	2	1	1	0	47
chr10	111639997	111640599	2	2	1	1	0	51
chr11	2154454	2154746	2	2	1	1	0	25
chr11	3793159	3794861	2	2	1	1	0	17
chr11	3794970	3797111	2	2	1	1	0	41
chr11	6458408	6461696	2	2	0	1	0	72
chr11	6461769	6461901	2	2	1	1	0	46
chr11	8715678	8717009	2	2	1	1	0	55
chr11	8717097	8717973	2	2	1	1	0	8
chr11	34135386	34137369	1	1	1	1	0	56
chr11	34137432	34139726	1	1	1	1	0	52
chr11	44609107	44616192	1	1	1	0	1	1
chr11	44616276	44621707	1	1	1	0	1	66
chr11	44626733	44626904	1	1	1	0	1	66
chr11	46748388	46749545	1	1	1	1	0	24
chr11	46749714	46750213	1	1	1	1	0	47
chr11	57068516	57069280	2	2	1	1	0	58
chr11	57188847	57191454	2	2	1	1	0	25
chr11	57191502	57193013	2	2	1	1	0	47
chr11	57193144	57193461	2	2	1	1	0	27
chr11	57259336	57261465	2	2	1	1	0	20
chr11	61110131	61110226	1	1	1	1	0	69
chr11	61532700	61533096	1	1	0	1	0	66
chr11	61732988	61734783	2	2	1	1	0	26
chr11	62303571	62303940	2	2	1	1	0	67
chr11	63174184	63175583	1	1	1	1	0	26
chr11	63175693	63176147	1	1	1	1	0	4
chr11	66105361	66105713	2	2	1	1	0	35
chr11	72396727	72397086	2	2	1	1	0	5
chr11	72397237	72398483	2	2	1	1	0	61
chr11	72398548	72398732	2	2	1	1	0	25
chr11	110104205	110106823	2	2	1	1	0	70
chr11	111612869	111613246	2	2	1	1	0	66
chr11	111613390	111614099	2	2	1	1	0	27
chr11	134128519	134128901	1	1	1	1	0	75
chr11	134129640	134129922	1	1	0	1	0	40
chr12	6671138	6672246	2	2	1	1	0	13
chr12	6672337	6672480	2	2	1	1	0	69
chr12	6979301	6979428	1	1	1	1	0	74
chr12	9256997	9258831	2	2	1	1	0	35
chr12	9258942	9259086	2	2	1	1	0	5
chr12	23999128	24048726	2	2	1	1	0	10
chr12	24048959	24102497	2	2	1	1	0	16
chr12	49108308	49110297	2	2	1	1	0	72
chr12	50834333	50835372	1	1	1	1	0	14
chr12	50835427	50847242	1	1	1	1	0	54
chr12	56226823	56227230	1	1	0	1	0	40
chr12	56227326	56228634	1	1	1	1	0	75
chr12	57007018	57007736	2	2	1	1	0	32
chr12	57602601	57602865	1	1	1	1	0	51
chr12	107937917	107974928	1	1	1	2	0	49
chr12	111923136	111923516	2	2	1	1	0	11
chr12	111923670	111924564	2	2	1	1	0	64
chr12	111924629	111926279	2	2	1	1	0	11
chr12	112103592	112110464	2	2	1	2	0	11
chr12	112110579	112116954	2	2	1	2	0	25
chr12	113664770	113698172	1	1	1	1	0	26
chr12	113698298	113703984	1	1	1	1	0	9
chr12	114380240	114383632	2	2	1	1	0	61
chr12	114383730	114384158	2	2	1	1	0	11
chr12	114384281	114385138	2	2	1	1	0	17
chr12	117155699	117157567	2	2	1	2	0	28
chr12	117157682	117158100	2	2	1	2	0	8
chr12	120613678	120613945	2	2	1	1	0	36
chr12	120614021	120615249	2	2	1	1	0	39
chr12	120615354	120615486	2	2	0	1	0	44
chr13	37598331	37598476	2	2	1	1	0	64
chr13	37598580	37599456	2	2	1	1	0	9
chr13	42361680	42385360	2	2	1	1	0	54
chr13	42385477	42390833	2	2	1	1	0	15
chr13	45913738	45914128	2	2	1	1	0	30
chr13	45914320	45914846	2	2	1	2	0	22
chr13	45914921	45915176	2	2	1	2	0	62
chr14	21485922	21486145	2	2	1	1	0	42
chr14	21486198	21486362	2	2	1	1	0	36
chr14	21486399	21486615	2	2	1	1	0	27
chr14	24566347	24567411	1	1	1	1	0	50
chr14	50320557	50329298	2	4	0	1	0	56
chr14	58895182	58896080	1	1	1	1	0	39
chr14	60620784	60622717	2	2	1	1	0	73
chr14	61442845	61444231	2	2	1	1	0	35
chr14	65419290	65438670	2	2	1	1	0	48
chr14	68251154	68251775	2	2	1	1	0	54
chr14	73725768	73725976	1	1	1	1	0	56
chr14	91805807	91806227	2	2	1	1	0	37
chr14	91806369	91808723	2	2	1	1	0	17
chr14	91808808	91809942	2	2	1	1	0	12
chr15	22864370	22866715	1	1	1	1	0	70
chr15	28369381	28370151	2	2	1	2	0	37
chr15	30012913	30018582	2	2	1	1	0	24
chr15	30018684	30018984	2	2	1	1	0	25
chr15	34675255	34675641	2	2	1	0	1	62
chr15	34675730	34675946	2	2	1	0	1	17
chr15	34821476	34821862	2	2	1	0	1	62
chr15	34821951	34822167	2	2	1	0	1	17
chr15	40241470	40246104	1	1	1	1	0	68
chr15	40246186	40247820	1	1	1	1	0	1
chr15	43483874	43484940	1	1	1	1	0	46
chr15	50489907	50494683	1	1	1	1	0	70
chr15	50867987	50868065	2	2	1	1	0	51
chr15	50868117	50870835	2	2	1	1	0	26
chr15	50870862	50873070	2	2	1	1	0	26
chr15	50873106	50875285	2	2	1	1	0	16
chr15	51032026	51039691	2	2	1	1	0	42
chr15	51039826	51040309	2	2	1	1	0	31
chr15	52427954	52433336	2	2	1	1	0	45
chr15	52433470	52439655	2	2	1	1	0	13
chr15	52439733	52442080	2	2	1	1	0	42
chr15	52442123	52446136	2	2	1	1	0	18
chr15	52892433	52893282	2	2	1	1	0	11
chr15	52893363	52897329	2	2	1	1	0	59
chr15	57545667	57554291	1	1	1	1	0	64
chr15	59497685	59500879	2	2	1	1	0	15
chr15	59501048	59502712	2	2	1	1	0	19
chr15	64422229	64422426	1	1	1	1	0	61
chr15	75974801	75974947	2	2	1	1	0	63
chr15	75975083	75975183	2	2	1	1	0	28
chr15	76580287	76584771	2	2	1	1	0	56
chr15	81624883	81633902	1	1	1	1	0	71
chr15	85610436	85619092	1	1	1	1	0	57
chr15	90344839	90346469	2	2	1	1	0	32
chr15	90346536	90346672	2	2	1	1	0	52
chr15	90347022	90347119	2	2	1	1	0	9
chr15	91449247	91449599	1	3	1	1	0	73
chr15	91449728	91449969	1	1	1	1	0	74
chr15	102194934	102197124	2	2	1	1	0	10
chr15	102197240	102197987	2	2	1	1	0	25
chr16	335016	335083	1	1	1	1	0	72
chr16	335201	335311	1	1	1	1	0	60
chr16	2168847	2169114	2	2	1	0	1	13
chr16	2169187	2169307	2	2	1	0	1	64
chr16	2169380	2185475	2	2	1	0	1	18
chr16	2809174	2809352	1	1	1	1	0	17
chr16	2809404	2809569	1	1	1	1	0	51
chr16	4867699	4871380	2	2	1	1	0	6
chr16	11065088	11066794	1	1	1	1	0	72
chr16	11066919	11071081	1	1	1	1	0	9
chr16	12070671	12093153	1	1	1	1	0	62
chr16	12093216	12096847	1	1	1	1	0	53
chr16	12096901	12121176	1	1	1	1	0	2
chr16	15005765	15011396	1	1	1	0	1	18
chr16	15011469	15011589	1	1	1	0	1	64
chr16	15011662	15011929	1	1	1	0	1	13
chr16	15208429	15212782	2	2	1	0	1	40
chr16	15758719	15761142	1	1	1	1	0	35
chr16	16271484	16272654	2	2	1	1	0	23
chr16	18445801	18446068	2	2	1	0	1	13
chr16	18446141	18446261	2	2	1	0	1	64
chr16	18489282	18489549	2	2	1	0	1	13
chr16	18489622	18489742	2	2	1	0	1	64
chr16	18489815	18495440	2	2	1	0	1	18
chr16	21469194	21469282	2	2	1	0	1	31
chr16	21469371	21469841	2	2	1	0	1	31
chr16	21469961	21471100	2	2	1	0	1	46
chr16	22490453	22491584	1	1	1	0	1	46
chr16	22491704	22492174	1	1	1	0	1	31
chr16	22492263	22492351	1	1	1	0	1	31
chr16	29469081	29469248	1	1	1	0	1	57
chr16	29469337	29469415	1	1	1	0	1	5
chr16	29858707	29859082	1	1	1	1	0	74
chr16	29985970	29989058	1	1	1	1	0	60
chr16	30208423	30208590	1	1	1	0	1	57
chr16	30208679	30208757	1	1	1	0	1	5
chr16	30731653	30732033	1	1	1	2	0	48
chr16	31049969	31050861	1	1	1	1	0	39
chr16	69820984	69832584	1	1	1	1	0	71
chr16	69832733	69833076	1	1	1	1	0	12
chr16	69985394	69985937	1	1	1	0	1	52
chr16	70208306	70208849	1	1	1	0	1	52
chr16	70516725	70517755	2	2	1	2	0	41
chr16	70517873	70530168	2	2	1	2	0	14
chr16	74454491	74455044	2	2	1	0	1	52
chr16	74527039	74528657	2	2	1	1	0	22
chr16	74528730	74530338	2	2	1	1	0	54
chr16	88580929	88593221	1	1	1	1	0	67
chr16	88593325	88594439	1	1	1	1	0	32
chr16	88793367	88793446	2	2	1	1	0	16
chr16	89265976	89266120	2	2	1	1	0	57
chr17	1675370	1678351	1	1	1	1	0	55
chr17	1678495	1679825	1	1	1	2	0	64
chr17	1680037	1680480	1	1	1	1	0	34
chr17	2280110	2280252	1	1	1	1	0	1
chr17	5093425	5093456	1	3	0	1	0	32
chr17	12896363	12897003	2	2	1	1	0	21
chr17	16021342	16022736	2	2	1	1	0	63
chr17	16022800	16024365	2	2	1	1	0	21
chr17	16024584	16029395	2	2	1	1	0	15
chr17	16344445	16344681	1	1	1	1	0	5
chr17	25621462	25628813	1	1	1	2	0	3
chr17	26695081	26695541	2	2	1	2	0	30
chr17	34304768	34305178	2	2	1	1	0	49
chr17	34305297	34308380	2	2	0	1	0	28
chr17	37071400	37074857	1	1	1	1	0	6
chr17	41570409	41570812	1	1	1	1	0	70
chr17	41611354	41613793	2	2	1	1	0	54
chr17	41613848	41622342	2	2	1	1	0	21
chr17	42272043	42272135	2	2	1	1	0	72
chr17	42272208	42272464	2	2	1	1	0	44
chr17	42272509	42272786	2	2	1	1	0	25
chr17	67119549	67121028	2	2	1	1	0	71
chr17	76968787	76969051	2	2	1	2	0	69
chr17	78363168	78363627	1	1	1	1	0	70
chr17	80043748	80044129	2	2	1	1	0	71
chr17	80048946	80049097	2	2	1	1	0	13
chr18	3142062	3149142	2	2	1	1	0	57
chr18	3149200	3151691	2	2	1	1	0	17
chr18	7774270	7888103	1	1	1	1	0	31
chr19	436684	438717	2	2	1	1	0	49
chr19	439031	440861	2	2	1	1	0	21
chr19	440933	460528	2	2	1	1	0	58
chr19	804703	804828	1	1	1	2	0	7
chr19	804940	805012	1	1	1	2	0	32
chr19	2343291	2343962	1	1	1	1	0	17
chr19	2344038	2344359	1	1	1	1	0	55
chr19	3053334	3053584	1	1	1	1	0	5
chr19	3980708	3980838	2	2	1	1	0	17
chr19	3980978	3981336	2	2	1	1	0	50
chr19	3982423	3982804	2	2	1	1	0	12
chr19	6415313	6415390	2	2	1	1	0	1
chr19	6693095	6693422	2	2	1	1	0	15
chr19	6693499	6694441	2	2	1	2	0	72
chr19	6694646	6696389	2	2	1	2	0	33
chr19	6696477	6696603	2	2	1	2	0	30
chr19	6696671	6697354	2	2	1	2	0	67
chr19	6697568	6697662	2	2	1	1	0	47
chr19	6697806	6702137	2	2	1	1	0	52
chr19	6702591	6707086	2	2	1	1	0	17
chr19	6707285	6707476	2	2	1	1	0	29
chr19	6707549	6707810	2	2	1	2	0	49
chr19	6707941	6709694	2	2	1	1	0	69
chr19	6710857	6710997	2	2	1	1	0	24
chr19	6718424	6719221	2	2	1	1	0	69
chr19	11350611	11350810	1	1	1	1	0	55
chr19	11526825	11527287	2	2	1	1	0	47
chr19	12385849	12386770	2	2	1	1	0	12
chr19	16758073	16764845	2	2	1	1	0	23
chr19	16764937	16770205	2	2	1	1	0	36
chr19	16770259	16770769	2	2	1	1	0	42
chr19	16770812	16770895	2	2	1	1	0	42
chr19	35533427	35540193	1	1	1	1	0	45
chr19	35540296	35540378	1	1	1	1	0	1
chr19	38871640	38872756	1	1	1	1	0	61
chr19	38872869	38873892	1	1	1	1	0	34
chr19	39218667	39219635	1	1	1	1	0	57
chr19	41808855	41809876	1	1	1	1	0	36
chr19	42818839	42818955	1	1	0	1	0	43
chr19	42819046	42819144	1	1	0	1	0	17
chr19	42819230	42819339	1	1	1	1	0	62
chr19	42819412	42819523	1	1	1	1	0	16
chr19	45394947	45395649	1	1	1	1	0	46
chr19	45395718	45396093	1	1	1	1	0	36
chr19	47879355	47879699	1	1	1	1	0	13
chr19	47879818	47880171	1	1	0	1	0	19
chr19	47880247	47880356	1	1	0	1	0	61
chr19	54025339	54025870	1	1	1	1	0	1
chr19	58863054	58863648	2	2	1	1	0	28
chr20	20486179	20491897	2	2	1	1	0	66
chr20	20491970	20493156	2	2	1	1	0	18
chr20	20571959	20582325	2	2	1	1	0	38
chr20	20620545	20621344	2	2	1	1	0	50
chr20	20621523	20624149	2	2	1	1	0	44
chr20	20624194	20634173	2	2	1	1	0	44
chr20	20634232	20656879	2	2	1	1	0	4
chr20	23614637	23615890	2	2	1	1	0	65
chr20	36784492	36789821	2	2	1	1	0	63
chr20	37163851	37168418	1	1	1	1	0	29
chr20	37168602	37169683	1	1	1	1	0	63
chr20	44592290	44592376	2	2	1	1	0	72
chr20	49185016	49191053	1	1	1	1	0	54
chr20	49191192	49194956	1	1	1	1	0	22
chr20	60714962	60715873	2	2	1	1	0	10
chr20	60716001	60718263	2	2	1	1	0	45
chr20	61473450	61485367	2	2	1	1	0	29
chr21	38558076	38559349	1	3	1	1	0	3
chr21	38559447	38560795	1	1	1	1	0	50
chr21	38560897	38563634	1	1	1	1	0	13
chr21	38563726	38564412	1	1	1	1	0	46
chr21	46925346	46925751	1	1	1	1	0	72
chr21	46925881	46927474	1	1	1	1	0	33
chr21	46927508	46929269	1	1	1	2	0	5
chr21	46950886	46951302	2	2	1	1	0	7
chr22	18912714	18913200	2	2	1	2	0	35
chr22	18913236	18918502	2	2	1	2	0	35
chr22	29695842	29696111	1	1	1	1	0	63
chr22	36702654	36705326	2	2	1	1	0	23
chr22	36705442	36708093	2	2	1	1	0	75
chr22	42536468	42536565	2	2	1	2	0	35
chr22	42538055	42538479	2	2	1	1	0	28
chr22	46684486	46685298	1	1	1	1	0	55
chr22	50705478	50705555	2	2	1	1	0	48
chr22	50705604	50705685	2	2	1	1	0	30
chr22	50705716	50705799	2	2	1	1	0	30
chrX	47070316	47070434	1	1	1	1	0	73
chrX	53966950	53970566	2	2	1	1	0	19
chrX	53970677	53989276	2	2	1	1	0	55
chrX	71493823	71494902	2	2	1	1	0	19
chrX	71495575	71496006	2	2	1	1	0	16
