MutationsType	ID83A	ID83B	ID83C	ID83D	ID83E	ID83F	ID83G
1:Del:C:0	0.00494008	0.01314834	0.06140914	0.02951094	0.10803332	0.06944280	0.00545072
1:Del:C:1	0.00031670	0.00000001	0.03168158	0.16082215	0.16974006	0.00367777	0.00956701
1:Del:C:2	0.00091696	0.00000033	0.01921204	0.05456808	0.11194196	0.00019375	0.00558825
1:Del:C:3	0.00383725	0.00137546	0.01159539	0.03444975	0.04538196	0.00023329	0.00509444
1:Del:C:4	0.00878691	0.00072987	0.00905375	0.00986961	0.02727331	0.00000261	0.00382231
1:Del:C:5	0.02412296	0.00212122	0.00391551	0.00266442	0.01203661	0.00000056	0.00150528
1:Del:T:0	0.00291964	0.00178087	0.04834274	0.24934859	0.04519535	0.01331071	0.00628058
1:Del:T:1	0.00273615	0.00564449	0.07171113	0.09092400	0.03851875	0.00990550	0.00708347
1:Del:T:2	0.00274194	0.01106231	0.06097965	0.02953969	0.04032563	0.01969086	0.00220929
1:Del:T:3	0.00792007	0.01149827	0.05440547	0.01071505	0.03251386	0.02315528	0.00000000
1:Del:T:4	0.02186117	0.01174080	0.03412467	0.00208388	0.03241302	0.01535553	0.00277382
1:Del:T:5	0.58867158	0.02645508	0.00000023	0.00001256	0.02062828	0.00031836	0.00000035
1:Ins:C:0	0.00252885	0.00732998	0.00322842	0.00306068	0.01438429	0.03334127	0.01406786
1:Ins:C:1	0.00063996	0.00221734	0.00980508	0.00028128	0.00286849	0.00444618	0.00222387
1:Ins:C:2	0.00049169	0.00018378	0.00494812	0.00000131	0.00507634	0.00382878	0.00425281
1:Ins:C:3	0.00121809	0.00096685	0.00252220	0.00022669	0.00458815	0.00144625	0.00066182
1:Ins:C:4	0.00336461	0.00196739	0.00070188	0.00001014	0.00319700	0.00157033	0.00038425
1:Ins:C:5	0.01198034	0.02383208	0.00531740	0.00216985	0.00160881	0.00018991	0.00370792
1:Ins:T:0	0.00163614	0.00564605	0.00018393	0.00126787	0.09231452	0.00630806	0.00815046
1:Ins:T:1	0.00164478	0.00261971	0.06592632	0.00141902	0.02533244	0.00409376	0.00599125
1:Ins:T:2	0.01133275	0.00197867	0.03144320	0.00143332	0.01431753	0.00570138	0.00251884
1:Ins:T:3	0.00609309	0.00374062	0.02500329	0.00035769	0.00826328	0.00208696	0.00293615
1:Ins:T:4	0.00431402	0.01112942	0.00978420	0.00014334	0.00497718	0.00301876	0.00112842
1:Ins:T:5	0.20388984	0.75598404	0.04190136	0.05175853	0.03075615	0.03135991	0.05852235
2:Del:R:0	0.00134495	0.00061623	0.01835449	0.03277708	0.00685182	0.01417709	0.00010303
2:Del:R:1	0.00148695	0.00565121	0.00038865	0.07686928	0.00214716	0.02073860	0.00508267
2:Del:R:2	0.00104226	0.00062500	0.00005644	0.02182015	0.00543881	0.00795152	0.00225376
2:Del:R:3	0.00223277	0.00024297	0.00021170	0.00493764	0.00262768	0.00152566	0.00000722
2:Del:R:4	0.00792438	0.00030957	0.00052826	0.00182977	0.00001900	0.00000854	0.00001824
2:Del:R:5	0.01757034	0.00000000	0.00000000	0.00016176	0.00000000	0.00000001	0.00000001
3:Del:R:0	0.00016879	0.00041250	0.01371460	0.00088363	0.00124879	0.00672807	0.00015484
3:Del:R:1	0.00229987	0.00961624	0.00628263	0.00208274	0.00361104	0.02234801	0.00348826
3:Del:R:2	0.00073524	0.00262416	0.00007848	0.00000057	0.00190245	0.00114020	0.00000000
3:Del:R:3	0.00070645	0.00037783	0.00088431	0.00000967	0.00003610	0.00099579	0.00086453
3:Del:R:4	0.00027915	0.00020197	0.00000383	0.00000070	0.00058872	0.00000585	0.00000000
3:Del:R:5	0.00025691	0.00005470	0.00032714	0.00000000	0.00001142	0.00008538	0.00000000
4:Del:R:0	0.00003192	0.00062637	0.00873082	0.00000034	0.00295153	0.00647965	0.00063840
4:Del:R:1	0.00099296	0.00592583	0.00350825	0.00176728	0.00065314	0.01032709	0.00140592
4:Del:R:2	0.00093712	0.00123140	0.00080218	0.00001126	0.00125929	0.00194369	0.00000000
4:Del:R:3	0.00048331	0.00025643	0.00117260	0.00022872	0.00025121	0.00008933	0.00000000
4:Del:R:4	0.00009758	0.00015180	0.00014743	0.00000000	0.00034342	0.00070507	0.00000000
4:Del:R:5	0.00005163	0.00006334	0.00000000	0.00001046	0.00016449	0.00000000	0.00000000
5:Del:R:0	0.00029556	0.00054056	0.10287462	0.00331320	0.01407743	0.07076185	0.00858277
5:Del:R:1	0.00028480	0.00289318	0.00025253	0.00053099	0.00053314	0.00772204	0.00000000
5:Del:R:2	0.00028760	0.00050991	0.00009637	0.00000000	0.00000169	0.00064766	0.00000000
5:Del:R:3	0.00013463	0.00021501	0.00000001	0.00000000	0.00000000	0.00047813	0.00000005
5:Del:R:4	0.00005766	0.00000000	0.00021531	0.00000010	0.00000004	0.00005958	0.00000009
5:Del:R:5	0.00000001	0.00000010	0.00000030	0.00000006	0.00000002	0.00000021	0.00000012
2:Ins:R:0	0.00238338	0.00356812	0.00126847	0.01033322	0.00733353	0.00650723	0.23592881
2:Ins:R:1	0.00100436	0.00148979	0.00765917	0.00090826	0.00125039	0.00364606	0.06923276
2:Ins:R:2	0.00053374	0.00129710	0.00237650	0.00086405	0.00001835	0.00238237	0.02784521
2:Ins:R:3	0.00054733	0.00109118	0.00142231	0.00000000	0.00000000	0.00000040	0.00000015
2:Ins:R:4	0.00286288	0.00218940	0.00000000	0.00011664	0.00000000	0.00031246	0.00072540
2:Ins:R:5	0.02601516	0.01789342	0.00000374	0.00072097	0.00000000	0.00548878	0.00000000
3:Ins:R:0	0.00000245	0.00000000	0.00000000	0.00000000	0.00000000	0.00000000	0.16582868
3:Ins:R:1	0.00000006	0.00221718	0.00546358	0.00042051	0.00000210	0.00057991	0.04243145
3:Ins:R:2	0.00001229	0.00030959	0.00105382	0.00000763	0.00064740	0.00000003	0.00181167
3:Ins:R:3	0.00003557	0.00000000	0.00000000	0.00000000	0.00000000	0.00058344	0.00000003
3:Ins:R:4	0.00009563	0.00027252	0.00000000	0.00000000	0.00003194	0.00004006	0.00000000
3:Ins:R:5	0.00097481	0.00109130	0.00038401	0.00000001	0.00000000	0.00037727	0.00011876
4:Ins:R:0	0.00033923	0.00000000	0.00000017	0.00251825	0.00000000	0.00000000	0.14037266
4:Ins:R:1	0.00000000	0.00168867	0.00539155	0.00000000	0.00087089	0.00302755	0.04937364
4:Ins:R:2	0.00008756	0.00000854	0.00021497	0.00017474	0.00054457	0.00000038	0.00022614
4:Ins:R:3	0.00011381	0.00021381	0.00007490	0.00000001	0.00011003	0.00000001	0.00000000
4:Ins:R:4	0.00020065	0.00027980	0.00031759	0.00000000	0.00000161	0.00049069	0.00000000
4:Ins:R:5	0.00064409	0.00070777	0.00000064	0.00007456	0.00006434	0.00035580	0.00000000
5:Ins:R:0	0.00040777	0.00068907	0.00232032	0.00388804	0.00221860	0.01312017	0.05154852
5:Ins:R:1	0.00001441	0.00601072	0.03515652	0.00057907	0.00249773	0.01516699	0.00634962
5:Ins:R:2	0.00000428	0.00012968	0.00080245	0.00000000	0.00025862	0.00183782	0.00056453
5:Ins:R:3	0.00001448	0.00005727	0.00044796	0.00000000	0.00000010	0.00050022	0.00039588
5:Ins:R:4	0.00001070	0.00008897	0.00008207	0.00012688	0.00021012	0.00000000	0.00000000
5:Ins:R:5	0.00000385	0.00000128	0.00011737	0.00005156	0.00001514	0.00000000	0.00074257
2:Del:M:1	0.00227707	0.00483735	0.00448681	0.07987780	0.00168827	0.01955836	0.00619591
3:Del:M:1	0.00009638	0.00176749	0.01086376	0.00000000	0.00313824	0.00486487	0.00245093
3:Del:M:2	0.00105138	0.00264275	0.00855098	0.00213703	0.00024432	0.01941830	0.00091899
4:Del:M:1	0.00030099	0.00188652	0.00739766	0.00103043	0.00024800	0.00854487	0.00274972
4:Del:M:2	0.00042617	0.00190680	0.00758544	0.00204793	0.00003189	0.01635618	0.00133996
4:Del:M:3	0.00048120	0.00424701	0.00797139	0.00042077	0.00343000	0.01053269	0.00000000
5:Del:M:1	0.00002896	0.00105412	0.07529915	0.00376523	0.01601306	0.09188344	0.00562841
5:Del:M:2	0.00006709	0.00167867	0.03090946	0.00419425	0.00824885	0.13068940	0.00211928
5:Del:M:3	0.00025689	0.00001872	0.01035749	0.00052425	0.00743060	0.10495067	0.00467204
5:Del:M:4	0.00000151	0.00118768	0.00293893	0.00108372	0.00254959	0.05601811	0.00134552
5:Del:M:5	0.00009549	0.00117841	0.00325315	0.00026034	0.00449707	0.05516790	0.00256132
