"chromosome"	"position"	"GC.percent"	"good.reads"	"adjusted.ratio"	"F"	"mutation"	"CNn"	"CNt"	"Mt"	"LPP"
"chr1"	17083816	53	49	0.932703072701511	0.184	"G>A"	2	2	1	-32.4254348789885
"chr1"	17083872	58	57	0.932703072701511	0.175	"G>A"	2	2	1	-32.4254348789885
"chr1"	28974715	51	50	0.938577988677867	0.22	"A>G"	2	2	1	-26.9485281337131
"chr1"	39917876	56	61	0.920595266865107	0.164	"A>C"	2	2	1	-35.551507183676
"chr1"	43692787	44	76	0.924924124453649	0.105	"A>G"	2	2	0	-24.4542632073114
"chr1"	47548189	56	46	0.977525659354479	0.152	"A>G"	2	2	1	-37.2109364616251
"chr1"	71475995	26	50	0.920504445821977	0.1	"G>T"	2	2	0	-24.4542632073114
"chr1"	71513010	68	55	0.920504445821977	0.109	"C>T"	2	2	0	-26.9474686599141
"chr1"	82451004	33	58	0.920504445821977	0.138	"C>A"	2	2	0	-34.9898602443177
"chr1"	87200729	35	59	0.84266300691326	0.475	"G>C"	2	2	1	-10.7308039537976
"chr1"	115256529	46	43	0.871602065198931	0.14	"T>C"	2	2	0	-35.0401609827925
"chr1"	148024804	60	52	0.920233447528844	0.115	"C>A"	2	2	0	-29.5388587901045
"chr1"	151780117	55	47	1.026838976243	0.191	"T>A"	2	2	1	-31.0501016829281
"chr1"	152279764	57	42	0.98224089096432	0.119	"C>T"	2	2	0	-29.5572130706764
"chr1"	152280041	59	53	0.98224089096432	0.151	"A>T"	2	2	1	-37.2399239984984
"chr1"	155874263	55	81	0.980205263708689	0.235	"T>C"	2	2	1	-24.5799162120187
"chr1"	156640156	65	45	0.977656785381187	0.111	"G>A"	2	2	0	-26.9368354036127
"chr1"	176664950	56	75	0.979560371096189	0.107	"C>T"	2	2	0	-26.9368354036127
"chr1"	204512100	32	44	1.00140997973984	0.136	"T>C"	2	2	0	-35.0082145248896
"chr1"	225569140	30	69	0.96559922111857	0.203	"A>G"	2	2	1	-29.5538044734708
"chr1"	228289521	66	55	0.985860323389107	0.109	"G>T"	2	2	0	-26.9658229404859
"chr1"	228565463	67	42	0.985860323389107	0.119	"A>C"	2	2	0	-29.5572130706764
"chr1"	231487087	53	50	0.986068826438788	0.2	"G>A"	2	2	1	-29.5827920103441
"chr1"	233193578	54	42	0.986068826438788	0.143	"C>A"	2	2	0	-35.0082145248896
"chr1"	248524992	47	57	1.00159355575244	0.246	"A>G"	2	2	1	-23.4680586966006
"chr1"	248525021	46	55	1.00159355575244	0.236	"T>A"	2	2	1	-24.5799162120187
"chr1"	248525053	46	60	1.00159355575244	0.25	"A>T"	2	2	1	-23.4680586966006
"chr1"	248525060	46	59	1.00159355575244	0.288	"T>A"	2	2	1	-19.5328136738832
"chr1"	248525135	49	85	1.00159355575244	0.176	"G>A"	2	2	1	-32.4437891595603
"chr1"	248525138	49	86	1.00159355575244	0.174	"C>T"	2	2	1	-33.9722580094608
"chr2"	1843073	70	71	1.02885674589274	0.183	"G>A"	2	2	1	-32.512381951026
"chr2"	68479604	76	52	0.943229307512386	0.212	"C>G"	2	2	1	-28.2163002765204
"chr2"	70315174	74	73	0.898136350874564	0.137	"T>A"	2	2	0	-35.0401609827925
"chr2"	91636094	65	40	1.01050343464283	0.1	"G>T"	2	2	0	-24.4726174878832
"chr2"	96604446	30	60	1.01091024032114	0.133	"C>T"	2	2	0	-32.2399454637943
"chr2"	113510076	29	76	0.990270946423559	0.145	"G>A"	2	2	0	-35.0082145248896
"chr2"	130872791	44	65	0.932440185536207	0.185	"A>G"	2	2	1	-32.4254348789885
"chr2"	131414975	56	77	0.980078551784651	0.104	"A>T"	2	2	0	-24.44362995101
"chr2"	158152237	41	50	0.986781843732752	0.12	"C>A"	2	2	0	-29.5572130706764
"chr2"	169783710	45	98	0.986781843732752	0.102	"C>A"	2	2	0	-24.4726174878832
"chr2"	179309165	39	78	0.969379934016778	0.128	"G>A"	2	2	0	-32.2109579269211
"chr2"	198949646	36	54	0.977949137472619	0.185	"C>T"	2	2	1	-32.4148016226871
"chr3"	9962290	61	66	0.902444863997262	0.106	"A>C"	2	2	0	-26.9977693983889
"chr3"	23491296	33	47	0.92937227130134	0.404	"G>T"	2	2	1	-12.504510121754
"chr3"	38591856	61	51	0.91010143849259	0.196	"C>T"	2	2	1	-29.5644377297722
"chr3"	42264393	52	50	0.935852227383158	0.56	"A>G"	2	2	1	-11.2257652718447
"chr3"	42264422	52	62	0.935852227383158	0.468	"T>C"	2	2	1	-10.6895478372823
"chr3"	121647782	43	40	0.91344912726149	0.375	"G>C"	2	2	1	-13.3900772707288
"chr3"	131415428	43	87	0.934774773994148	0.161	"G>A"	2	2	1	-35.551507183676
"chr3"	190995847	20	51	0.918035345088237	0.353	"C>T"	2	2	1	-15.0344593395489
"chr3"	195505772	56	61	0.918035345088237	0.131	"C>G"	2	2	0	-32.2215911832224
"chr3"	195505842	62	59	0.926643552281182	0.203	"T>G"	2	2	1	-29.5644377297722
"chr3"	195505859	58	49	0.926643552281182	0.245	"T>C"	2	2	1	-24.5615619314469
"chr3"	195505886	58	42	0.926643552281182	0.238	"C>G"	2	2	1	-24.5615619314469
"chr3"	195511446	61	51	0.926643552281182	0.118	"C>G"	2	2	0	-29.5388587901045
"chr4"	25367617	24	68	0.910933513447936	0.147	"A>C"	2	2	1	-37.2215697179265
"chr4"	37445867	48	78	0.925095785887095	0.179	"C>A"	2	2	1	-32.4254348789885
"chr4"	57349366	37	81	0.91364413939993	0.111	"T>G"	2	2	0	-26.9474686599141
"chr4"	68340605	35	67	0.91364413939993	0.104	"C>T"	2	2	0	-24.4542632073114
"chr4"	79840498	27	68	0.919458023999081	0.132	"G>T"	2	2	0	-32.2215911832224
"chr4"	88537393	55	49	0.85365406591537	0.102	"C>T"	2	2	0	-24.5946102264709
"chr4"	88537411	54	50	0.85365406591537	0.1	"C>T"	2	2	0	-24.5946102264709
"chr4"	88537420	54	50	0.85365406591537	0.14	"T>C"	2	2	0	-35.1302072634773
"chr4"	88537423	54	45	0.85365406591537	0.111	"T>C"	2	2	0	-27.0878156790736
"chr4"	88537426	54	45	0.85365406591537	0.178	"T>C"	2	2	1	-32.565781898148
"chr4"	165890616	38	82	0.911331416605325	0.122	"G>A"	2	2	0	-29.5388587901045
"chr4"	187067683	37	54	0.90666139813803	0.13	"C>A"	2	2	0	-32.2215911832224
"chr4"	190882925	22	63	0.90666139813803	0.111	"T>C"	2	2	0	-26.9474686599141
"chr5"	878525	51	63	0.991589222917442	0.159	"T>A"	2	2	1	-35.5698614642479
"chr5"	878551	51	69	0.991589222917442	0.145	"A>G"	2	2	0	-35.0082145248896
"chr5"	878576	50	62	0.991589222917442	0.113	"C>T"	2	2	0	-26.9658229404859
"chr5"	34830853	42	87	0.938331329634121	0.115	"C>A"	2	2	0	-29.5388587901045
"chr5"	35692775	39	45	0.938331329634121	0.111	"T>A"	2	2	0	-26.9474686599141
"chr5"	35955928	52	62	0.938331329634121	0.129	"G>T"	2	2	0	-32.2215911832224
"chr5"	67589147	27	48	0.671	0.188	"A>G"	2	1	0	-51.2518801670456
"chr5"	74032368	33	64	0.935783172484131	0.156	"C>T"	2	2	1	-35.551507183676
"chr5"	90074255	41	62	0.881716133164729	0.113	"T>A"	2	2	0	-26.9977693983889
"chr5"	93855637	24	57	0.881716133164729	0.105	"G>T"	2	2	0	-24.5045639457862
"chr5"	140753737	70	64	0.924268199204251	0.172	"G>A"	2	2	1	-33.9539037288889
"chr5"	156918859	58	66	0.920557872360599	0.212	"T>G"	2	2	1	-28.2269335328218
"chr6"	556051	31	50	0.974760749848213	0.2	"G>C"	2	2	1	-29.5538044734708
"chr6"	7365802	32	55	0.997086561683763	0.2	"C>T"	2	2	1	-29.5827920103441
"chr6"	10410611	49	47	0.997086561683763	0.106	"C>T"	2	2	0	-26.9658229404859
"chr6"	10729020	38	40	0.997086561683763	0.1	"C>T"	2	2	0	-24.4726174878832
"chr6"	12162031	57	49	0.997086561683763	0.102	"A>G"	2	2	0	-24.4726174878832
"chr6"	17602839	31	75	0.997086561683763	0.187	"C>T"	2	2	1	-30.9815088914625
"chr6"	18237661	30	45	0.997086561683763	0.111	"C>T"	2	2	0	-26.9658229404859
"chr6"	29275268	43	69	1.00271622888806	0.101	"G>T"	2	2	0	-24.4726174878832
"chr6"	29323331	43	92	1.00271622888806	0.141	"G>A"	2	2	0	-35.0082145248896
"chr6"	31237087	57	49	0.873	0.143	"C>A"	2	2	0	-35.0401609827925
"chr6"	31545252	59	66	0.918353970108542	0.182	"C>T"	2	2	1	-32.4254348789885
"chr6"	32487229	54	41	1.05700466561689	0.122	"C>T"	2	2	0	-29.625805862142
"chr6"	32548465	48	96	1.05700466561689	0.115	"C>T"	2	2	0	-29.625805862142
"chr6"	32709256	61	68	0.967654647391935	0.103	"C>T"	2	2	0	-24.44362995101
"chr6"	39824089	70	73	0.986201151024175	0.164	"G>A"	2	2	1	-35.5698614642479
"chr6"	112512916	50	41	0.906053511961214	0.122	"G>A"	2	2	0	-29.5388587901045
"chr6"	128561322	30	59	0.904298663890127	0.186	"A>G"	2	2	1	-31.0134553493654
"chr6"	168376951	65	54	0.942261134078181	0.222	"T>C"	2	2	1	-26.9378948774117
"chr6"	170858045	26	46	0.713896509135101	0.543	"T>C"	2	2	1	-11.7290561630957
"chr7"	2802522	70	43	0.959301892807994	0.395	"T>C"	2	2	1	-12.4938768654526
"chr7"	45123066	66	43	0.927616404015797	0.116	"G>T"	2	2	0	-29.5388587901045
"chr7"	57195277	37	62	0.927616404015797	0.161	"G>T"	2	2	1	-35.551507183676
"chr7"	64377377	34	55	0.951680058975448	0.127	"G>A"	2	2	0	-32.2109579269211
"chr7"	64377384	34	59	0.951680058975448	0.119	"A>G"	2	2	0	-29.5282255338031
"chr7"	93125224	48	58	0.905110622863006	0.103	"T>G"	2	2	0	-24.4542632073114
"chr7"	99655350	49	65	0.915111809296116	0.169	"G>A"	2	2	1	-33.9539037288889
"chr7"	117188797	40	50	0.936627781365174	0.1	"A>G"	2	2	0	-24.4542632073114
"chr7"	117188850	38	52	0.936627781365174	0.154	"G>T"	2	2	1	-37.2215697179265
"chr7"	119914673	61	48	0.920897964893711	0.146	"C>T"	2	2	1	-37.2215697179265
"chr7"	127670334	65	55	0.920897964893711	0.127	"G>A"	2	2	0	-32.2215911832224
"chr7"	128497460	64	45	1.511	0.267	"C>T"	2	3	1	-11.3258365159155
"chr7"	138346199	50	70	0.917207481636103	0.114	"C>A"	2	2	0	-26.9474686599141
"chr7"	141445856	26	58	0.927317899686519	0.121	"T>C"	2	2	0	-29.5388587901045
"chr7"	142651031	58	67	0.927317899686519	0.104	"C>T"	2	2	0	-24.4542632073114
"chr7"	143807610	51	64	0.925110317800311	0.109	"C>T"	2	2	0	-26.9474686599141
"chr7"	151668007	38	66	0.927091852117616	0.258	"A>T"	2	2	1	-22.3903128405139
"chr8"	12049305	48	63	1.04971270310108	0.143	"G>T"	2	2	0	-35.0768073163552
"chr8"	32600608	37	72	1.03822599131553	0.25	"C>A"	2	2	1	-23.5366514880662
"chr8"	41566352	64	57	0.985641111961631	0.193	"C>A"	2	2	1	-30.9815088914625
"chr8"	52733049	42	102	0.996949937219878	0.157	"G>A"	2	2	1	-35.5698614642479
"chr8"	120429048	79	61	0.98858610727391	0.148	"G>T"	2	2	1	-37.2399239984984
"chr8"	121357699	69	67	0.98858610727391	0.194	"G>T"	2	2	1	-30.9815088914625
"chr8"	134026001	57	58	1.01972694179255	0.19	"G>A"	2	2	1	-30.9815088914625
"chr8"	134072612	39	68	1.01972694179255	0.162	"G>A"	2	2	1	-35.5698614642479
"chr8"	143353941	58	72	1.01972694179255	0.111	"A>G"	2	2	0	-26.9658229404859
"chr8"	143994361	62	50	1.01972694179255	0.12	"A>T"	2	2	0	-29.5572130706764
"chr8"	145667482	63	62	1.02939761946434	0.194	"G>T"	2	2	1	-31.0501016829281
"chr9"	33794789	49	93	0.91151186195374	0.14	"G>A"	2	2	0	-34.9898602443177
"chr9"	35094373	53	40	0.893163177116178	0.1	"G>A"	2	2	0	-24.5045639457862
"chr9"	96439019	76	66	0.919016319722758	0.121	"C>A"	2	2	0	-29.5388587901045
"chr9"	136031308	59	86	0.949144161559314	0.14	"C>T"	2	2	0	-34.9792269880163
"chr9"	136066735	54	68	0.949144161559314	0.118	"T>C"	2	2	0	-29.5282255338031
"chr9"	137801642	60	58	0.943447907057115	0.19	"G>A"	2	2	1	-30.9525213545893
"chr9"	138376337	62	45	0.722	0.156	"G>A"	2	2	1	-36.4521790646352
"chr9"	139728243	60	58	0.975311645228587	0.103	"A>T"	2	2	0	-24.44362995101
"chr10"	3208583	54	46	0.92438977850322	0.391	"A>C"	2	2	1	-12.9265045318134
"chr10"	8100695	70	54	0.94415841514337	0.111	"G>A"	2	2	0	-26.9368354036127
"chr10"	17702561	30	62	0.679778219208754	0.145	"G>A"	2	1	0	-36.2809931185598
"chr10"	37430853	46	72	0.91434955346323	0.139	"A>G"	2	2	0	-34.9898602443177
"chr10"	37430884	46	77	0.91434955346323	0.156	"A>T"	2	2	1	-35.551507183676
"chr10"	37430895	43	71	0.91434955346323	0.183	"C>T"	2	2	1	-32.4254348789885
"chr10"	37430914	43	77	0.91434955346323	0.169	"T>G"	2	2	1	-33.9539037288889
"chr10"	37431115	35	66	0.91434955346323	0.106	"C>T"	2	2	0	-26.9474686599141
"chr10"	81373717	52	67	0.913271294583138	0.164	"C>T"	2	2	1	-35.551507183676
"chr10"	133769244	63	48	0.763	0.354	"G>A"	2	2	1	-15.6846784898247
"chr10"	134901442	82	56	0.948465147071133	0.232	"G>A"	2	2	1	-25.7166802666512
"chr10"	135440328	55	48	1.019	0.25	"C>G"	2	2	1	-23.4680586966006
"chr11"	6789293	54	93	0.921432807880491	0.108	"C>T"	2	2	0	-26.9474686599141
"chr11"	58381701	37	78	0.892287388452154	0.141	"G>T"	2	2	0	-35.0401609827925
"chr11"	68825037	59	49	0.992147568105256	0.184	"A>C"	2	2	1	-32.4437891595603
"chr11"	68840160	64	59	0.992147568105256	0.119	"A>G"	2	2	0	-29.5572130706764
"chr11"	68840401	50	75	0.992147568105256	0.16	"A>T"	2	2	1	-35.5698614642479
"chr11"	68846098	69	63	0.992147568105256	0.111	"A>G"	2	2	0	-26.9658229404859
"chr11"	69063572	67	47	0.992147568105256	0.191	"G>A"	2	2	1	-30.9815088914625
"chr11"	70282378	53	57	0.992147568105256	0.123	"C>A"	2	2	0	-29.5572130706764
"chr11"	71238364	70	48	0.992147568105256	0.104	"T>C"	2	2	0	-24.4726174878832
"chr11"	71238418	70	50	0.992147568105256	0.12	"T>C"	2	2	0	-29.5572130706764
"chr11"	71238445	70	51	0.992147568105256	0.137	"C>T"	2	2	0	-35.0082145248896
"chr11"	71238449	70	52	0.992147568105256	0.173	"T>C"	2	2	1	-33.9722580094608
"chr11"	71238461	66	55	0.992147568105256	0.145	"G>A"	2	2	0	-35.0082145248896
"chr11"	96092376	31	56	0.913148521592143	0.429	"T>C"	2	2	1	-11.484626905761
"chr11"	113934668	58	60	0.920149237260398	0.1	"G>T"	2	2	0	-24.4542632073114
"chr11"	117391966	65	57	0.92756851652608	0.105	"A>G"	2	2	0	-24.4542632073114
"chr11"	118461001	44	45	0.891968903271858	0.178	"C>T"	2	2	1	-32.4757356174633
"chr11"	124095689	46	48	0.929501871450642	0.146	"T>G"	2	2	1	-37.2215697179265
"chr11"	134182264	55	65	0.921181825300736	0.123	"G>A"	2	2	0	-29.5388587901045
"chr12"	2958683	60	65	0.983718052018675	0.123	"T>C"	2	2	0	-29.5572130706764
"chr12"	7045891	57	41	0.967577986479259	0.146	"A>G"	2	2	1	-37.2109364616251
"chr12"	7882278	43	85	1.0124787627556	0.118	"G>A"	2	2	0	-29.5572130706764
"chr12"	11285837	28	46	0.950751301498925	0.13	"C>A"	2	2	0	-32.2109579269211
"chr12"	13208755	59	76	0.950751301498925	0.171	"G>A"	2	2	1	-33.9432704725875
"chr12"	30877333	53	56	0.980256844300253	0.143	"G>A"	2	2	0	-35.0082145248896
"chr12"	40882428	57	55	0.999112404747847	0.127	"T>G"	2	2	0	-32.2399454637943
"chr12"	40882490	52	63	0.999112404747847	0.127	"G>A"	2	2	0	-32.2399454637943
"chr12"	40882556	53	90	0.999112404747847	0.167	"A>G"	2	2	1	-33.9722580094608
"chr12"	40882597	54	86	0.999112404747847	0.128	"C>T"	2	2	0	-32.2399454637943
"chr12"	49580441	59	56	0.981352234070645	0.107	"T>G"	2	2	0	-26.9658229404859
"chr12"	52699033	61	69	0.999751838626367	0.101	"G>A"	2	2	0	-24.4726174878832
"chr12"	86229898	48	46	0.972102162603825	0.261	"G>C"	2	2	1	-22.3796795842125
"chr12"	94976269	55	79	0.946245536163901	0.203	"G>A"	2	2	1	-29.5538044734708
"chr12"	101687043	31	69	0.987656436470095	0.449	"T>C"	2	2	1	-11.0254303514518
"chr12"	120541715	61	48	1.00320673143882	0.146	"G>A"	2	2	1	-37.2399239984984
"chr12"	120934289	51	60	0.912797770929503	0.117	"T>C"	2	2	0	-29.5388587901045
"chr12"	120934320	51	65	0.912797770929503	0.123	"C>T"	2	2	0	-29.5388587901045
"chr12"	120934341	59	57	0.912797770929503	0.105	"G>A"	2	2	0	-24.4542632073114
"chr12"	132682484	68	47	1.02071569761752	0.213	"G>A"	2	2	1	-28.3138806048592
"chr13"	24471039	63	44	0.986950466922805	0.136	"G>T"	2	2	0	-35.0082145248896
"chr13"	24471048	51	46	0.986950466922805	0.109	"T>C"	2	2	0	-26.9658229404859
"chr13"	25670458	61	66	1.239	0.273	"G>A"	2	3	1	-11.6117771847351
"chr13"	35644822	23	73	1.00538215349587	0.164	"G>T"	2	2	1	-35.5698614642479
"chr13"	53217094	46	75	0.987826579001974	0.107	"A>T"	2	2	0	-26.9658229404859
"chr13"	86369354	33	77	0.981844133234046	0.143	"C>T"	2	2	0	-35.0082145248896
"chr13"	95860214	60	51	0.981844133234046	0.51	"C>T"	2	2	1	-10.5493877947391
"chr13"	101756956	48	95	1.00997628783859	0.179	"G>A"	2	2	1	-32.4437891595603
"chr13"	109379844	46	75	1.00997628783859	0.147	"C>T"	2	2	1	-37.2399239984984
"chr14"	23538000	58	64	0.901446504173838	0.25	"G>C"	2	2	1	-23.5000051545035
"chr14"	50623748	37	53	0.902383825699943	0.264	"G>A"	2	2	1	-22.4406135789887
"chr14"	68758616	50	60	0.922753009985913	0.133	"C>A"	2	2	0	-32.2215911832224
"chr14"	70925818	38	48	0.920585097698943	0.271	"T>C"	2	2	1	-21.3820846133141
"chr14"	78870007	56	52	0.919957701041066	0.173	"C>T"	2	2	1	-33.9539037288889
"chr14"	93125812	72	68	0.935053686874406	0.103	"C>G"	2	2	0	-24.4542632073114
"chr15"	23686157	56	72	0.936351664200323	0.153	"G>C"	2	2	1	-37.2215697179265
"chr15"	28116243	56	40	0.936351664200323	0.175	"G>T"	2	2	1	-32.4254348789885
"chr15"	43086885	53	70	0.927678966957345	0.329	"T>C"	2	2	1	-16.3470981148608
"chr15"	66621975	42	42	0.929509829351357	0.167	"C>T"	2	2	1	-33.9539037288889
"chr16"	1291337	72	71	0.980364936168815	0.127	"G>A"	2	2	0	-32.2399454637943
"chr16"	1291355	72	73	0.980364936168815	0.123	"G>C"	2	2	0	-29.5572130706764
"chr16"	1395890	72	41	0.959208502481162	0.122	"A>T"	2	2	0	-29.5282255338031
"chr16"	12618607	55	81	0.921297726127138	0.185	"C>T"	2	2	1	-32.4254348789885
"chr16"	15711142	33	68	0.921297726127138	0.397	"A>G"	2	2	1	-12.504510121754
"chr16"	48175109	63	55	0.929688761269541	0.182	"G>A"	2	2	1	-32.4254348789885
"chr16"	55853489	50	75	0.920281846028794	0.107	"T>C"	2	2	0	-26.9474686599141
"chr16"	55853495	50	78	0.920281846028794	0.103	"G>A"	2	2	0	-24.4542632073114
"chr16"	55895393	54	64	0.920281846028794	0.141	"C>T"	2	2	0	-34.9898602443177
"chr16"	57060353	60	72	0.920281846028794	0.625	"C>T"	2	2	1	-13.3900772707288
"chr16"	70161263	41	69	0.918124867018791	0.101	"T>C"	2	2	0	-24.4542632073114
"chr17"	7412399	49	63	0.918913726411573	0.127	"A>G"	2	2	0	-32.2215911832224
"chr17"	16022767	41	59	0.915508989778153	0.153	"T>C"	2	2	1	-37.2215697179265
"chr17"	20768950	34	52	0.927741512863746	0.154	"G>A"	2	2	1	-37.2215697179265
"chr17"	34391748	54	53	0.91511125197708	0.151	"G>A"	2	2	1	-37.2215697179265
"chr17"	37360918	42	81	0.891702727856337	0.16	"T>C"	2	2	1	-35.6018079221508
"chr17"	38636035	61	67	0.905793728275478	0.194	"C>T"	2	2	1	-30.9631546108906
"chr17"	39134590	35	41	0.905793728275478	0.634	"C>G"	2	2	1	-13.895625837394
"chr17"	55078307	46	69	0.919014158797352	0.101	"C>T"	2	2	0	-24.4542632073114
"chr17"	67124974	31	56	0.908637910433314	0.107	"T>C"	2	2	0	-26.9474686599141
"chr18"	210306	33	42	0.896537576098372	0.786	"A>G"	2	2	1	-28.2772342712965
"chr18"	12792792	41	50	0.865421872435788	0.12	"G>A"	2	2	0	-29.6792058092641
"chr18"	12792802	58	54	0.865421872435788	0.278	"C>G"	2	2	1	-20.5641767015005
"chr18"	24129305	53	40	0.859399643284498	0.1	"A>T"	2	2	0	-24.5946102264709
"chr19"	9003575	57	75	0.944675155280927	0.107	"A>T"	2	2	0	-26.9368354036127
"chr19"	9016982	56	86	0.944675155280927	0.105	"G>A"	2	2	0	-24.44362995101
"chr19"	9016986	56	87	0.944675155280927	0.103	"C>G"	2	2	0	-24.44362995101
"chr19"	9027657	48	57	0.944675155280927	0.14	"C>G"	2	2	0	-34.9792269880163
"chr19"	15053304	35	41	0.936270653114569	0.22	"C>A"	2	2	1	-26.9485281337131
"chr19"	15905289	66	59	0.936270653114569	0.254	"G>A"	2	2	1	-23.4497044160287
"chr19"	17438637	66	57	0.933477384170167	0.193	"A>G"	2	2	1	-30.9631546108906
"chr19"	17651287	72	62	0.941162202036689	0.113	"G>A"	2	2	0	-26.9474686599141
"chr19"	22171586	37	68	0.907030989769579	0.103	"C>T"	2	2	0	-24.4542632073114
"chr19"	23544769	40	73	0.907030989769579	0.164	"C>T"	2	2	1	-35.551507183676
"chr19"	37406790	64	56	0.925527894042534	0.143	"C>T"	2	2	0	-34.9898602443177
"chr19"	39735126	60	69	0.928382038687176	0.159	"C>T"	2	2	1	-35.551507183676
"chr19"	40421580	74	43	0.937179604646532	0.116	"C>A"	2	2	0	-29.5388587901045
"chr19"	44378200	31	69	0.923609832438579	0.159	"A>T"	2	2	1	-35.551507183676
"chr19"	47152472	75	44	0.906916866298534	0.114	"C>T"	2	2	0	-26.9474686599141
"chr19"	51162314	74	59	0.919115559692651	0.102	"G>T"	2	2	0	-24.4542632073114
"chr19"	53116939	39	45	0.927638958607337	0.178	"C>G"	2	2	1	-32.4254348789885
"chr19"	53116943	43	57	0.927638958607337	0.14	"T>C"	2	2	0	-34.9898602443177
"chr19"	53116945	43	55	0.927638958607337	0.145	"A>G"	2	2	0	-34.9898602443177
"chr19"	54823945	60	51	0.900141271229063	0.176	"T>A"	2	2	1	-32.4757356174633
"chr19"	56274525	44	69	0.931371837448399	0.101	"C>A"	2	2	0	-24.4542632073114
"chr20"	2841126	57	63	0.994978367558986	0.222	"G>A"	2	2	1	-26.9668824142849
"chr20"	3221731	64	83	1.01336175791065	0.133	"C>T"	2	2	0	-32.2399454637943
"chr20"	6064635	40	40	1.01896973077372	0.125	"G>A"	2	2	0	-29.5572130706764
"chr20"	55208533	50	63	0.996722529774093	0.111	"G>A"	2	2	0	-26.9658229404859
"chr20"	57429663	82	60	1.53	0.117	"A>C"	2	3	1	-22.2536492533361
"chr21"	31709677	50	60	0.889854494586114	0.1	"T>A"	2	2	0	-24.5045639457862
"chr21"	45817703	60	56	0.865360252990126	0.143	"C>T"	2	2	0	-35.1302072634773
"chr21"	47602733	71	57	0.939940589892951	0.175	"C>T"	2	2	1	-32.4254348789885
"chr22"	20724475	50	86	0.919464218431889	0.14	"C>T"	2	2	0	-34.9898602443177
"chr22"	40055729	58	74	0.911254343767868	0.108	"G>A"	2	2	0	-26.9474686599141
"chr22"	50471856	60	61	0.964701752316013	0.115	"C>T"	2	2	0	-29.5282255338031
"chrX"	134994793	44	40	1.02815883389108	0.1	"C>T"	2	2	0	-24.5412102793489
