MutationsType	DBS78A	DBS78B	DBS78C	DBS78D	DBS78E
AC>CA	0.00000000	0.00190625	0.00470652	0.02113879	0.00118080
AC>CG	0.00000000	0.00091788	0.00000133	0.00028574	0.00133934
AC>CT	0.00001944	0.00068312	0.00148237	0.01705136	0.00042538
AC>GA	0.00127152	0.00188726	0.00731154	0.01293344	0.00013057
AC>GG	0.00012394	0.00000000	0.00141246	0.00026711	0.00011205
AC>GT	0.00000114	0.00192342	0.00148586	0.00492485	0.00000930
AC>TA	0.00000043	0.00609037	0.01074047	0.01570924	0.00206202
AC>TG	0.00000000	0.00096831	0.00856985	0.00061245	0.00019277
AC>TT	0.00023103	0.00327452	0.00874878	0.02040854	0.00022067
AT>CA	0.00063077	0.00000000	0.00043235	0.00605533	0.00208141
AT>CC	0.00012371	0.00001977	0.00104350	0.00135632	0.00015929
AT>CG	0.00000061	0.00008342	0.00141742	0.00091308	0.00019140
AT>GA	0.00006122	0.00026501	0.00677970	0.00033649	0.00012368
AT>GC	0.00000000	0.00011734	0.00001127	0.00014387	0.00340459
AT>TA	0.00033014	0.00309985	0.01999472	0.00067961	0.00229697
CC>AA	0.63297893	0.01639589	0.11663306	0.02427992	0.28567176
CC>AG	0.06843062	0.00003097	0.00141706	0.04122503	0.04303315
CC>AT	0.13051591	0.00366396	0.00433963	0.10176037	0.01271794
CC>GA	0.02619358	0.00338255	0.00256454	0.01221926	0.00015931
CC>GG	0.00348964	0.00000373	0.00055231	0.00104407	0.00088434
CC>GT	0.00417647	0.00180350	0.01511357	0.00712441	0.00127147
CC>TA	0.01800763	0.00183465	0.00522151	0.01009749	0.01914743
CC>TG	0.00025592	0.00002280	0.00004571	0.00529702	0.01532789
CC>TT	0.00843604	0.01322176	0.00256888	0.05619439	0.00207291
CG>AT	0.00315128	0.00000000	0.00373986	0.00040401	0.00161967
CG>GC	0.00008073	0.00045899	0.00000317	0.00007420	0.00080097
CG>GT	0.00000003	0.00036331	0.00000016	0.00030427	0.00562077
CG>TA	0.00000006	0.00000000	0.00000046	0.00004639	0.00179997
CG>TC	0.00047802	0.00217221	0.00153306	0.00056381	0.00446533
CG>TT	0.00005431	0.00000000	0.00548616	0.00100868	0.02475276
CT>AA	0.00049927	0.00293530	0.00000287	0.00604309	0.11474660
CT>AC	0.00008599	0.00000000	0.00007761	0.00377262	0.04422241
CT>AG	0.00050707	0.00235777	0.00376196	0.01687019	0.00889162
CT>GA	0.00000000	0.00108742	0.00010630	0.00374118	0.01026100
CT>GC	0.00084826	0.00114973	0.00029714	0.00332704	0.00037487
CT>GG	0.00000101	0.00040889	0.00349911	0.00064917	0.00102574
CT>TA	0.00169765	0.00851030	0.00000000	0.00715497	0.03844552
CT>TC	0.00112000	0.00000196	0.00096470	0.02688141	0.00149924
CT>TG	0.00045117	0.00000000	0.00076084	0.01556760	0.00138085
GC>AA	0.01744896	0.00589785	0.25889320	0.02339704	0.01966332
GC>AG	0.00003382	0.00000000	0.02965267	0.02952685	0.00883559
GC>AT	0.00610199	0.00091684	0.05498344	0.00087399	0.00025546
GC>CA	0.00000169	0.00472658	0.01406260	0.00160033	0.01750411
GC>CG	0.00001708	0.00000896	0.00129370	0.00000975	0.00055617
GC>TA	0.00188154	0.00000000	0.01250442	0.00959487	0.00011183
TA>AT	0.00137520	0.09726268	0.03205104	0.00038960	0.00348542
TA>CG	0.00000000	0.00591127	0.00137819	0.00005530	0.00000078
TA>CT	0.00000459	0.09283892	0.00652333	0.00422489	0.00038798
TA>GC	0.00000003	0.00517266	0.00000283	0.00000046	0.00000035
TA>GG	0.00000000	0.00544055	0.00012268	0.00525167	0.00199666
TA>GT	0.00000050	0.16780002	0.00000001	0.00000087	0.00000041
TC>AA	0.02939132	0.17586622	0.15061743	0.12544052	0.00840200
TC>AG	0.00424020	0.00374519	0.00039028	0.00988734	0.00042493
TC>AT	0.00168989	0.01049607	0.04026308	0.05782736	0.01420277
TC>CA	0.00439584	0.02636743	0.05481256	0.03416022	0.00619172
TC>CG	0.00005579	0.00006467	0.00220809	0.00017694	0.00001027
TC>CT	0.00166738	0.00402949	0.00211084	0.02885088	0.00546341
TC>GA	0.00000000	0.00080909	0.01547916	0.04847647	0.00218804
TC>GG	0.00000000	0.00002794	0.00069537	0.00023369	0.00066415
TC>GT	0.00082652	0.00238482	0.00039612	0.01649121	0.00425250
TG>AA	0.00636875	0.03072363	0.00742556	0.01077746	0.01183990
TG>AC	0.00000172	0.04191232	0.00000116	0.00001723	0.00000010
TG>AT	0.00707107	0.09680728	0.00468836	0.02670552	0.07458465
TG>CA	0.00015889	0.00151442	0.00196859	0.01457855	0.00074037
TG>CC	0.00000000	0.00116517	0.00011817	0.00561272	0.00227341
TG>CT	0.00935286	0.01008231	0.01498624	0.04804644	0.05369942
TG>GA	0.00177132	0.03131753	0.00585129	0.00055090	0.00736521
TG>GC	0.00002149	0.00284166	0.00041315	0.00733342	0.00002996
TG>GT	0.00018969	0.00545005	0.01767581	0.00899129	0.04511002
TT>AA	0.00002615	0.06233001	0.00465973	0.00958658	0.04281045
TT>AC	0.00000000	0.01054267	0.00608244	0.00409998	0.00002722
TT>AG	0.00000000	0.01210658	0.00006287	0.00890040	0.00333415
TT>CA	0.00000000	0.00145322	0.00366772	0.00290420	0.00254707
TT>CC	0.00136133	0.00000150	0.00029457	0.00369126	0.00003645
TT>CG	0.00000006	0.00000000	0.00186918	0.00030184	0.00000821
TT>GA	0.00000447	0.00059203	0.00228434	0.00138817	0.00484423
TT>GC	0.00028630	0.00034773	0.00639946	0.00086240	0.00001674
TT>GG	0.00000004	0.00000246	0.00028254	0.00071456	0.00201074
