MutationsType	SBS96A	SBS96B	SBS96C	SBS96D	SBS96E	SBS96F	SBS96G	SBS96H	SBS96I	SBS96J	SBS96K	SBS96L	SBS96M	SBS96N	SBS96O	SBS96P	SBS96Q	SBS96R
A[C>A]A	0.00192226	0.00000000	0.02841481	0.01825343	0.04734134	0.00013048	0.01597021	0.00277275	0.00636519	0.07802657	0.02021949	0.04356092	0.01589228	0.01961988	0.00554855	0.00723350	0.00305238	0.00575589
A[C>A]C	0.00098522	0.00118835	0.02754513	0.00765942	0.02907314	0.00419903	0.01278321	0.00543000	0.00356348	0.03601131	0.00534184	0.03546926	0.00906683	0.01004176	0.00221148	0.00702124	0.00542871	0.00444250
A[C>A]G	0.00002050	0.00033238	0.02055976	0.00248343	0.01186026	0.00096979	0.00383844	0.00148347	0.00032359	0.00337517	0.00051471	0.00377439	0.00174743	0.00014152	0.00083139	0.00028211	0.00114642	0.00043058
A[C>A]T	0.00105084	0.00000000	0.02627782	0.00817497	0.03052223	0.00283230	0.00720856	0.00821545	0.00850270	0.03456872	0.00759036	0.04610025	0.00592351	0.01301625	0.00116779	0.00071778	0.00199209	0.00300147
A[C>G]A	0.00053111	0.00035058	0.00447073	0.00168366	0.01150725	0.00228993	0.00347260	0.00288498	0.00198136	0.00681108	0.00154023	0.02031981	0.02337715	0.01171266	0.00333518	0.00315777	0.00207976	0.00063620
A[C>G]C	0.00027153	0.00021670	0.00355785	0.00102265	0.00416694	0.00294159	0.00444102	0.00113905	0.00069753	0.00299709	0.00058567	0.00947829	0.01583818	0.00847860	0.00307681	0.00392632	0.00131239	0.00236975
A[C>G]G	0.00007117	0.00005995	0.00142430	0.00026014	0.00209216	0.00012645	0.00152198	0.00000125	0.00001694	0.00000018	0.00004625	0.00400114	0.00461409	0.00133922	0.00046238	0.00073034	0.00084919	0.00077122
A[C>G]T	0.00016032	0.00041693	0.00233770	0.00175696	0.00950562	0.00477244	0.00585658	0.00024582	0.00257744	0.00328540	0.01006991	0.01722547	0.02783614	0.01559827	0.00234620	0.00356995	0.00337369	0.00328356
A[C>T]A	0.00020348	0.00350375	0.00396208	0.00271049	0.02133824	0.00862206	0.01833892	0.00278505	0.02659334	0.01525142	0.00896996	0.02384598	0.01380935	0.00387406	0.09253133	0.02796194	0.01842210	0.00593467
A[C>T]C	0.00000172	0.00313135	0.00392588	0.00175888	0.00576992	0.00116107	0.00679587	0.00413292	0.01206685	0.00804679	0.00750064	0.01420832	0.00587383	0.00006374	0.06637723	0.00679045	0.03327084	0.00141532
A[C>T]G	0.00138426	0.00000106	0.00107043	0.00181781	0.00550542	0.00249709	0.00921965	0.00013065	0.01500254	0.00635762	0.00468336	0.00546205	0.00490162	0.00119612	0.01522880	0.14124410	0.01061382	0.00188172
A[C>T]T	0.00041038	0.00020479	0.00299771	0.00354751	0.01736741	0.01108138	0.01973896	0.00124830	0.00951076	0.00598235	0.01203481	0.02961461	0.01003889	0.00445681	0.01465059	0.01590116	0.03718392	0.00371302
A[T>A]A	0.08843163	0.01194254	0.00111223	0.00211149	0.01082832	0.01444524	0.02152472	0.00010285	0.03191307	0.00111647	0.02845655	0.01939709	0.00152904	0.00036416	0.00271829	0.00595629	0.00040495	0.00075916
A[T>A]C	0.01145285	0.01187338	0.00043765	0.00258470	0.00506676	0.00736304	0.01172305	0.00535278	0.01563497	0.00157107	0.00963114	0.01373155	0.00084877	0.00429166	0.00072938	0.01281159	0.00199415	0.00322986
A[T>A]G	0.07105591	0.08143917	0.00122345	0.01368988	0.00770010	0.01882147	0.02374518	0.00006311	0.00089934	0.00000935	0.00874519	0.01490635	0.00138713	0.00385486	0.00009087	0.00587150	0.00836846	0.00046154
A[T>A]T	0.02102268	0.01242467	0.00001582	0.00526044	0.00284744	0.01178400	0.02500332	0.00094813	0.02305686	0.00312429	0.02137764	0.04543231	0.00307876	0.00908366	0.00313140	0.02400094	0.00334344	0.00041937
A[T>C]A	0.02770469	0.00509886	0.00233432	0.09624739	0.01283700	0.01999507	0.02741684	0.03366719	0.02314709	0.00536224	0.18933523	0.00582127	0.03510273	0.00320128	0.00212292	0.02967331	0.01544325	0.00527311
A[T>C]C	0.00049153	0.00163188	0.00088164	0.01708721	0.00325782	0.02526124	0.00877775	0.00478333	0.00721304	0.00063916	0.01475168	0.00817268	0.01106136	0.00326873	0.00022082	0.00921230	0.01122859	0.00521393
A[T>C]G	0.00668902	0.00135794	0.00298732	0.12881648	0.02538506	0.03583259	0.02593350	0.02709268	0.01357581	0.00412259	0.05018150	0.00978703	0.00868392	0.00797586	0.00017725	0.01440947	0.01622170	0.00134824
A[T>C]T	0.00094877	0.00200643	0.00218230	0.03970550	0.01125011	0.04995205	0.02639377	0.00394453	0.00740737	0.00151229	0.10169930	0.01391825	0.02444679	0.00351200	0.00381781	0.02684216	0.01903000	0.00781553
A[T>G]A	0.00401421	0.00034480	0.00019494	0.00008953	0.00102777	0.00065892	0.01572448	0.00468706	0.00555308	0.00277434	0.00885150	0.00206272	0.01734284	0.00535433	0.00013262	0.00000308	0.00051710	0.00380270
A[T>G]C	0.00016269	0.00040809	0.00011282	0.00197388	0.00158322	0.00063642	0.00794493	0.00029525	0.00355066	0.00006110	0.00291830	0.00180756	0.00636093	0.00028598	0.00074451	0.00040271	0.00079427	0.00439142
A[T>G]G	0.00152364	0.00155844	0.00029180	0.00396806	0.00038067	0.00522868	0.00703658	0.01270084	0.00058878	0.00110869	0.00436175	0.00891701	0.01011933	0.00114928	0.00041312	0.00381002	0.00002835	0.00256219
A[T>G]T	0.00017835	0.00000000	0.00017047	0.00573091	0.00043692	0.00006752	0.01808202	0.00854466	0.00559992	0.00057187	0.00863316	0.00390987	0.01323178	0.00429554	0.00269442	0.00283878	0.00187530	0.03764390
C[C>A]A	0.00077780	0.00674209	0.02400679	0.01285234	0.05889599	0.00517026	0.01014373	0.00751611	0.01126460	0.06537845	0.00909003	0.02850440	0.01346991	0.01801202	0.00477183	0.00108810	0.00450281	0.00534776
C[C>A]C	0.00009623	0.00623497	0.03247733	0.00707218	0.06786925	0.00374568	0.00554774	0.01956434	0.01971464	0.02865572	0.00226917	0.02201886	0.00165320	0.01235532	0.00149611	0.00330863	0.00033660	0.00398585
C[C>A]G	0.00000354	0.00096202	0.01649050	0.00148112	0.01298432	0.00206386	0.00162727	0.00069316	0.00148974	0.00861433	0.00233404	0.00158539	0.00253831	0.00003184	0.00067175	0.00149028	0.00014701	0.00000000
C[C>A]T	0.00098436	0.00468203	0.01630863	0.00286499	0.05801744	0.00235492	0.00168853	0.00474532	0.03821121	0.03527309	0.00224711	0.02443350	0.00150492	0.01412736	0.00045841	0.01438377	0.00073762	0.00455894
C[C>G]A	0.00009899	0.00192279	0.00305612	0.00319900	0.00845264	0.00329930	0.00178749	0.00169761	0.00084323	0.00555518	0.00107537	0.00809873	0.01761590	0.01136484	0.00421632	0.00043685	0.00047425	0.00430681
C[C>G]C	0.00000000	0.00250102	0.00772368	0.00459942	0.00861168	0.00376536	0.00546481	0.00183704	0.00000918	0.00016199	0.00112019	0.00735692	0.01828957	0.00864648	0.00472065	0.00289227	0.00058444	0.00197480
C[C>G]G	0.00000000	0.00043958	0.00182156	0.00037381	0.00373398	0.00063486	0.00272216	0.00000035	0.00001750	0.00029783	0.00060388	0.00144939	0.00545798	0.00032439	0.00169786	0.00124770	0.00037748	0.00086481
C[C>G]T	0.00000129	0.00269899	0.00284047	0.00287658	0.01171599	0.00428741	0.00692298	0.00005975	0.00006806	0.00044302	0.00749437	0.00798726	0.02745586	0.01899883	0.00443401	0.00312822	0.00187988	0.00463993
C[C>T]A	0.00072739	0.01302404	0.00180270	0.00222312	0.02072491	0.03308722	0.02089224	0.00088107	0.00214613	0.00848297	0.00866868	0.00587620	0.01143749	0.00965224	0.09824249	0.00550023	0.05408447	0.00104723
C[C>T]C	0.00180178	0.01257352	0.00005278	0.00239012	0.00766016	0.00771561	0.00792548	0.01172270	0.00764992	0.01163491	0.00224399	0.00115103	0.00462650	0.00228563	0.09260217	0.00342660	0.12459683	0.00497343
C[C>T]G	0.00000000	0.00758150	0.00044867	0.00008527	0.00749512	0.00420635	0.00610552	0.00154312	0.01226991	0.00360610	0.00141552	0.00055192	0.00205730	0.00338078	0.01259511	0.09097882	0.01264446	0.00141992
C[C>T]T	0.00065873	0.00787473	0.00211084	0.00582093	0.03191156	0.04293379	0.02883212	0.00077109	0.00107731	0.00614163	0.01566529	0.01768349	0.00495434	0.00594397	0.02019533	0.00429510	0.13929489	0.00673830
C[T>A]A	0.12990171	0.05142084	0.00057213	0.00685506	0.00163608	0.00125516	0.00185013	0.05394719	0.00379907	0.00472991	0.00623689	0.01087150	0.00460352	0.00400633	0.00004922	0.00073001	0.00074864	0.00000040
C[T>A]C	0.05130719	0.04649038	0.00142370	0.00001402	0.00474747	0.01972235	0.00571307	0.08025254	0.00069933	0.00457305	0.00099040	0.01141566	0.00339959	0.00208488	0.00038407	0.00388628	0.00806864	0.00784688
C[T>A]G	0.15779228	0.19892114	0.00337191	0.02834704	0.00660418	0.00001836	0.00029453	0.15439717	0.00014304	0.00001920	0.00265555	0.00006508	0.00003375	0.00000928	0.00103801	0.00002930	0.00017735	0.00550289
C[T>A]T	0.05690677	0.05875676	0.00114957	0.00023207	0.01494357	0.01648163	0.00200100	0.01272200	0.00202606	0.00256849	0.00980014	0.03561595	0.00907571	0.00462192	0.00236728	0.00409076	0.00165249	0.03077409
C[T>C]A	0.00560443	0.00182432	0.00021596	0.03800999	0.00727289	0.01562148	0.00594073	0.02364885	0.01976662	0.00538015	0.02609842	0.00424928	0.01800713	0.00343232	0.00244008	0.00209931	0.00368797	0.00949105
C[T>C]C	0.00006696	0.00137676	0.00036925	0.01042894	0.00016644	0.04312342	0.00177371	0.05855554	0.00713576	0.00099290	0.00290458	0.00681497	0.01130682	0.00428565	0.00289083	0.00087277	0.00702306	0.02920578
C[T>C]G	0.00128322	0.00111752	0.00226296	0.05502614	0.01328876	0.01553041	0.00569981	0.02357865	0.01950278	0.00047110	0.01391597	0.00318433	0.01657189	0.00254627	0.00178105	0.00135290	0.00147237	0.02170161
C[T>C]T	0.00082906	0.00108138	0.00058570	0.01503760	0.00621963	0.04008281	0.00129779	0.01447391	0.01627289	0.00349415	0.02585783	0.00946766	0.00728302	0.00947001	0.00147002	0.00435492	0.00678579	0.08370283
C[T>G]A	0.00305196	0.00181532	0.00035841	0.00187197	0.00020560	0.00413380	0.00744636	0.01027234	0.00133974	0.00087870	0.00226086	0.00064536	0.01033632	0.00049163	0.00031710	0.00127894	0.00125815	0.00480406
C[T>G]C	0.00107094	0.00065218	0.00034633	0.00338132	0.00066885	0.00615279	0.00858750	0.00719965	0.00267939	0.00118139	0.00117939	0.00126847	0.01045900	0.00083719	0.00072134	0.00248072	0.00001079	0.01750213
C[T>G]G	0.00227801	0.00511272	0.00000350	0.00546642	0.00191170	0.00151865	0.00826026	0.04874549	0.00230995	0.00011173	0.00360186	0.00684623	0.01440718	0.00033741	0.00093797	0.00182508	0.00005781	0.00983181
C[T>G]T	0.00000444	0.00386230	0.00054425	0.00155239	0.00911565	0.00169262	0.01298552	0.00030821	0.00436858	0.00003543	0.00024587	0.00064549	0.00521317	0.00047899	0.00017334	0.00660883	0.00192336	0.24631887
G[C>A]A	0.00033767	0.00239398	0.06475259	0.00835459	0.00195038	0.00768216	0.00948791	0.00056965	0.00082857	0.13140174	0.01859367	0.00644825	0.00510787	0.01383316	0.00494131	0.01152921	0.00390461	0.01153984
G[C>A]C	0.00108397	0.00012286	0.18633867	0.00433467	0.01253623	0.00270726	0.00859270	0.01113257	0.00616982	0.03315723	0.00614261	0.00259800	0.00775673	0.00575056	0.00194215	0.00437526	0.00006528	0.00587446
G[C>A]G	0.00000000	0.00037024	0.08460943	0.00228944	0.00204802	0.00127693	0.00334119	0.00033419	0.00043189	0.00062821	0.00174531	0.00085867	0.00236008	0.00147483	0.00004986	0.00043253	0.00082341	0.00107732
G[C>A]T	0.00030531	0.00102278	0.08885996	0.00324179	0.00642505	0.00330067	0.00076030	0.00529425	0.00895360	0.04878020	0.01339281	0.01797341	0.00368068	0.00991829	0.00227210	0.00387786	0.00121427	0.00509948
G[C>G]A	0.00025486	0.00003399	0.00521101	0.00088719	0.00569509	0.00280351	0.00073370	0.00166876	0.00067824	0.00698497	0.00085080	0.00597592	0.00977906	0.00351729	0.00151787	0.00085651	0.00079378	0.00389830
G[C>G]C	0.00033094	0.00088048	0.01321903	0.00002992	0.00500137	0.00290979	0.00394787	0.00286560	0.00299963	0.00607390	0.00086424	0.00278066	0.01579895	0.00582902	0.00091750	0.00053701	0.00186070	0.00393030
G[C>G]G	0.00011241	0.00000000	0.00698242	0.00008963	0.00105897	0.00087737	0.00048903	0.00051867	0.00002632	0.00001720	0.00007456	0.00081575	0.00331087	0.00006334	0.00018653	0.00024985	0.00050062	0.00116348
G[C>G]T	0.00006182	0.00000000	0.00440693	0.00107578	0.00585159	0.00454561	0.00115516	0.00161882	0.00074855	0.00489767	0.00235928	0.00717483	0.01432629	0.00884425	0.00198302	0.00147415	0.00184530	0.00555532
G[C>T]A	0.00015808	0.00142746	0.01938454	0.00535655	0.01239923	0.00924067	0.00993912	0.00620870	0.03525583	0.01609077	0.00426920	0.00386016	0.00595267	0.00151217	0.06880026	0.02790492	0.05092547	0.00103294
G[C>T]C	0.00092114	0.00083789	0.05169025	0.00123902	0.00013936	0.00013115	0.00032529	0.00744120	0.04855256	0.00003218	0.00128088	0.00041568	0.00461267	0.00685458	0.07204998	0.02946579	0.08763332	0.00247876
G[C>T]G	0.00033435	0.00284765	0.02579611	0.00060406	0.00025986	0.00010261	0.00315455	0.00008476	0.03950315	0.00069648	0.00023294	0.00184007	0.00272679	0.00945845	0.00970612	0.12372692	0.01431007	0.00536916
G[C>T]T	0.00027307	0.00000179	0.02324423	0.00256875	0.00549221	0.01863918	0.01546554	0.00330796	0.02839145	0.00462783	0.01039741	0.01312539	0.00363307	0.01416598	0.00682850	0.01811432	0.11135086	0.00134057
G[T>A]A	0.04845844	0.07354918	0.00000696	0.00114532	0.00006096	0.00177180	0.00497056	0.00216477	0.00615517	0.00243863	0.00209913	0.00876251	0.00682155	0.00152965	0.00025471	0.00051565	0.00017043	0.00021921
G[T>A]C	0.00734328	0.01726785	0.00185500	0.00325120	0.00164874	0.00199775	0.00250488	0.01720874	0.00511633	0.00691911	0.00045221	0.00654743	0.00418551	0.00172971	0.00000056	0.00373929	0.00272957	0.00522503
G[T>A]G	0.01579947	0.12947333	0.00167705	0.00911256	0.00679105	0.00345888	0.00880768	0.01139316	0.00396483	0.00355411	0.00032056	0.00248296	0.01098550	0.00103251	0.00210149	0.00100223	0.00026894	0.00201074
G[T>A]T	0.00618429	0.02806908	0.00062565	0.00328228	0.00520804	0.00559212	0.00254115	0.00233938	0.00640285	0.00235737	0.00155691	0.02145641	0.00648120	0.00145110	0.00107204	0.00212844	0.00275160	0.00690074
G[T>C]A	0.00134466	0.00313064	0.00048482	0.03703846	0.01313381	0.02851028	0.01755109	0.02387794	0.05045830	0.00086865	0.01896451	0.00117262	0.00685823	0.00534964	0.00245226	0.02144579	0.00037437	0.00435836
G[T>C]C	0.00069377	0.00048593	0.00089244	0.00897311	0.00148141	0.03114069	0.00961153	0.01834548	0.02116579	0.00021366	0.00107665	0.00078670	0.00918532	0.00785257	0.00083653	0.00338155	0.00314806	0.01399761
G[T>C]G	0.00000203	0.00412541	0.00082128	0.03789644	0.01705463	0.03010358	0.00630834	0.01351018	0.02656908	0.00111583	0.00686761	0.00227467	0.00729284	0.00112449	0.00160585	0.00360596	0.00625897	0.00790830
G[T>C]T	0.00011489	0.00049604	0.00004564	0.02410030	0.01814630	0.06159617	0.02163754	0.00300901	0.03503587	0.00104090	0.01237178	0.00164977	0.00779374	0.00796030	0.00068940	0.01128556	0.01070009	0.00765572
G[T>G]A	0.00073985	0.00190199	0.00013812	0.00086578	0.00022765	0.00073999	0.00301453	0.00350469	0.00162194	0.00001478	0.00075048	0.00290127	0.00627835	0.00321299	0.00002425	0.00000190	0.00128684	0.00252803
G[T>G]C	0.00009645	0.00042170	0.00015540	0.00093909	0.00028821	0.00048589	0.00259605	0.00198411	0.00320291	0.00057828	0.00053262	0.00090778	0.00531037	0.00107284	0.00002016	0.00040906	0.00075590	0.00614251
G[T>G]G	0.00003270	0.00351040	0.00001521	0.00033739	0.00208041	0.00263751	0.00394128	0.01155307	0.00055341	0.00181854	0.00129746	0.00743417	0.01170718	0.00127716	0.00021696	0.00302232	0.00286761	0.00551621
G[T>G]T	0.00007669	0.00065173	0.00000274	0.00013651	0.00067094	0.00156133	0.00407420	0.00079109	0.00677192	0.00049613	0.00222706	0.00328346	0.00705707	0.00409982	0.00117744	0.00226446	0.00037178	0.06276192
T[C>A]A	0.00004373	0.00299303	0.02013055	0.01367868	0.02239025	0.00149323	0.02642132	0.00294006	0.00231201	0.10265306	0.01774317	0.01644786	0.02043420	0.03970404	0.00389839	0.01174893	0.00327739	0.00783422
T[C>A]C	0.00169441	0.00123816	0.06056172	0.01179952	0.03056465	0.00452901	0.02551112	0.01119596	0.00260977	0.04980126	0.00415580	0.01839411	0.01541723	0.02747170	0.00825289	0.01285153	0.00226529	0.00129398
T[C>A]G	0.00005702	0.00000044	0.01518706	0.00346496	0.00695332	0.00042246	0.00641222	0.00000807	0.00006029	0.00677364	0.00012248	0.00069045	0.00357312	0.00261237	0.00031523	0.00282671	0.00225134	0.00027450
T[C>A]T	0.00000001	0.00351542	0.02266558	0.00913713	0.02081198	0.00205671	0.02245008	0.00541036	0.01029630	0.07031221	0.01866225	0.05144686	0.01985300	0.04458736	0.00428600	0.02114004	0.00889434	0.00034213
T[C>G]A	0.00015552	0.00143730	0.00274338	0.00391591	0.00330994	0.00263547	0.00211982	0.00292875	0.00225172	0.00421253	0.00112626	0.00530141	0.02661452	0.07114955	0.00038253	0.00009574	0.00165005	0.00583832
T[C>G]C	0.00000008	0.00226779	0.00607185	0.00668604	0.00657085	0.00407383	0.00359815	0.00028130	0.00100627	0.00216231	0.00177193	0.00787940	0.02485754	0.03683447	0.00599342	0.00319835	0.00060010	0.00283852
T[C>G]G	0.00000000	0.00010844	0.00145860	0.00065936	0.00120418	0.00032904	0.00159986	0.00026023	0.00001026	0.00069884	0.00057827	0.00152350	0.00410790	0.00313564	0.00005402	0.00131659	0.00055117	0.00100386
T[C>G]T	0.00003029	0.00266948	0.00236203	0.00339568	0.00377642	0.00319241	0.00716021	0.00058354	0.00441498	0.00032196	0.02398901	0.00956400	0.05051449	0.12004061	0.00050244	0.00318599	0.00850655	0.00643638
T[C>T]A	0.00109087	0.00000140	0.00473732	0.00214213	0.01768700	0.01556226	0.02686678	0.00901472	0.01410458	0.01150985	0.01052462	0.00502719	0.00060298	0.08525099	0.11822406	0.00560804	0.00103137	0.00242353
T[C>T]C	0.00142424	0.00355202	0.00662302	0.00284300	0.00594875	0.00637881	0.02004913	0.01253180	0.00860680	0.00990311	0.00296524	0.01133017	0.00578629	0.04108090	0.12665694	0.01285152	0.01208180	0.00159348
T[C>T]G	0.00045728	0.00000022	0.00155656	0.00067625	0.00033961	0.00256762	0.00794517	0.00092124	0.00476648	0.00502743	0.00206036	0.00175796	0.00569833	0.01168843	0.01045230	0.05894940	0.00227476	0.00178760
T[C>T]T	0.00016275	0.00071891	0.00483513	0.00093348	0.02155057	0.02190011	0.03923179	0.00054030	0.02166082	0.00486966	0.02851619	0.02146998	0.00084409	0.06795996	0.03381599	0.00590213	0.03141379	0.00811978
T[T>A]A	0.09776777	0.01562427	0.00000117	0.00909837	0.00211230	0.01478730	0.02314012	0.01315596	0.01459949	0.00600153	0.01308009	0.01977135	0.01148781	0.00590682	0.00133731	0.00389349	0.00796157	0.00470420
T[T>A]C	0.02600819	0.02430118	0.00243023	0.00315547	0.00440759	0.01419759	0.01310939	0.01712306	0.00530256	0.00643280	0.00098970	0.01289788	0.00406670	0.00048619	0.00038877	0.00096074	0.00558189	0.00473569
T[T>A]G	0.07215903	0.06867584	0.00140582	0.01667028	0.00751238	0.00393353	0.01161727	0.02061094	0.00346903	0.00287709	0.00025108	0.00465808	0.00523790	0.00038529	0.00015269	0.00071217	0.00159381	0.00235418
T[T>A]T	0.03929636	0.01384631	0.00040204	0.00825975	0.01420273	0.02104728	0.01663318	0.00393154	0.01328133	0.00541042	0.00180229	0.03584925	0.00888097	0.01224949	0.00193035	0.00818983	0.00872356	0.01128496
T[T>C]A	0.00882302	0.00082329	0.00163779	0.05937112	0.01593655	0.01790097	0.01746696	0.01587712	0.04349610	0.00269503	0.02787620	0.00569841	0.01727318	0.00556644	0.00300414	0.01385972	0.00157654	0.00641750
T[T>C]C	0.00133902	0.00006995	0.00104053	0.00949241	0.00182892	0.04155919	0.00823669	0.01226219	0.02034079	0.00008435	0.00525775	0.00640778	0.01162664	0.00507942	0.00088186	0.00346620	0.00884232	0.01467268
T[T>C]G	0.00138263	0.00000855	0.00179982	0.06376861	0.01029495	0.01293701	0.00632461	0.02059510	0.01901435	0.00201334	0.00867330	0.00413102	0.00515727	0.00120161	0.00068792	0.00645903	0.00453905	0.00502543
T[T>C]T	0.00104569	0.00034005	0.00013292	0.02135265	0.02245246	0.06332820	0.01069822	0.00017925	0.04855509	0.00219387	0.01594651	0.00344219	0.00503851	0.00988381	0.00270294	0.01914030	0.00651284	0.01123646
T[T>G]A	0.00314230	0.00136869	0.00022444	0.00057679	0.00345360	0.00133351	0.01520632	0.00397129	0.00466937	0.00249607	0.00715228	0.00038833	0.02684448	0.00399763	0.00079760	0.00001113	0.00082912	0.00747858
T[T>G]C	0.00036284	0.00109969	0.00067588	0.00258637	0.00191921	0.00362356	0.01129290	0.00132846	0.00274187	0.00131573	0.00436195	0.00121804	0.01239016	0.00205654	0.00041427	0.00308931	0.00007148	0.00790455
T[T>G]G	0.00229863	0.00155540	0.00057728	0.00590174	0.00165815	0.00225581	0.00862965	0.01902906	0.00176658	0.00204016	0.00325766	0.00829058	0.01591491	0.00193893	0.00161584	0.00246437	0.00012057	0.00499660
T[T>G]T	0.00026234	0.00160080	0.00069113	0.00282777	0.00395915	0.00387426	0.03332523	0.00280757	0.01095873	0.00202083	0.01239936	0.00417639	0.03490415	0.00691528	0.00617177	0.00657697	0.00143539	0.09272154
