chromosome	start	end	total_cn	major_cn	minor_cn
1	1	8418000	2	1	1
1	8418001	8502000	1	1	0
1	8502001	29517000	2	1	1
1	29517001	29617000	1	1	0
1	29617001	51262000	2	1	1
1	51262001	51352000	1	1	0
1	51352001	51443000	0	0	0
1	51443001	59999000	2	1	1
1	59999001	60187000	1	1	0
1	60187001	87348000	2	1	1
1	87348001	87578000	1	1	0
1	87578001	97571000	2	1	1
1	97571001	97790000	1	1	0
1	97790001	123035433	2	1	1
1	123035434	174356000	2	1	1
1	174356001	174599000	1	1	0
1	174599001	245903000	2	1	1
1	245903001	246195000	1	1	0
1	246195001	249250621	2	1	1
2	1	3383000	2	1	1
2	3383001	3486000	1	1	0
2	3486001	24049000	2	1	1
2	24049001	24251000	1	1	0
2	24251001	33285000	2	1	1
2	33285001	33631000	1	1	0
2	33631001	54339000	2	1	1
2	54339001	54438000	1	1	0
2	54438001	57881000	2	1	1
2	57881001	58116000	1	1	0
2	58116001	62339000	2	1	1
2	62339001	62391000	1	1	0
2	62391001	63893000	2	1	1
2	63893001	63909000	1	1	0
2	63909001	64051000	0	0	0
2	64051001	93826170	2	1	1
2	93826171	136234000	2	1	1
2	136234001	136335000	1	1	0
2	136335001	139136000	2	1	1
2	139136001	139237000	1	1	0
2	139237001	141270000	2	1	1
2	141270001	142239000	1	1	0
2	142239001	142803000	2	1	1
2	142803001	145726000	2	1	1
2	145726001	145811000	1	1	0
2	145811001	178428000	2	1	1
2	178428001	178517000	3	2	1
2	178517001	186885000	2	1	1
2	186885001	187478000	1	1	0
2	187478001	197569000	2	1	1
2	197569001	197888000	3	2	1
2	197888001	205793000	2	1	1
2	205793001	205878000	1	1	0
2	205878001	205943000	0	0	0
2	205943001	206062000	1	1	0
2	206062001	236425000	2	1	1
2	236425001	242201000	1	1	0
2	242201001	242366000	0	0	0
2	242366001	242379000	1	1	0
2	242379001	243199373	2	1	1
3	1	13129000	2	1	1
3	13129001	15725000	3	2	1
3	15725001	15989000	2	1	1
3	15989001	17009000	3	2	1
3	17009001	17143000	2	1	1
3	17143001	31719000	3	2	1
3	31719001	31827000	2	2	0
3	31827001	35169000	3	2	1
3	35169001	35474000	2	1	1
3	35474001	40175000	3	2	1
3	40175001	40257000	2	2	0
3	40257001	41358000	3	2	1
3	41358001	41413000	2	1	1
3	41413001	41562000	1	1	0
3	41562001	41590000	2	2	0
3	41590001	60009000	3	2	1
3	60009001	60165000	2	2	0
3	60165001	60190000	1	1	0
3	60190001	60384000	2	1	1
3	60384001	60849000	1	1	0
3	60849001	65785000	2	1	1
3	65785001	65855000	1	1	0
3	65855001	67577000	2	1	1
3	67577001	68080000	1	1	0
3	68080001	71161000	2	1	1
3	71161001	71414000	1	1	0
3	71414001	92004853	2	1	1
3	92004854	105013000	2	1	1
3	105013001	105072000	1	1	0
3	105072001	114075000	2	1	1
3	114075001	114191000	1	1	0
3	114191001	114212000	0	0	0
3	114212001	114274000	2	1	1
3	114274001	114378000	1	1	0
3	114378001	174529000	2	1	1
3	174529001	175051000	1	1	0
3	175051001	188162000	2	1	1
3	188162001	188328000	1	1	0
3	188328001	189108000	0	0	0
3	189108001	189175000	1	1	0
3	189175001	189237000	0	0	0
3	189237001	189309000	1	1	0
3	189309001	198022430	2	1	1
4	1	467000	1	1	0
4	467001	3048000	2	1	1
4	3048001	3359000	1	1	0
4	3359001	5550000	2	1	1
4	5550001	5737000	2	1	1
4	5737001	19341000	2	1	1
4	19341001	19487000	1	1	0
4	19487001	39302000	2	1	1
4	39302001	39415000	1	1	0
4	39415001	51160116	2	1	1
4	51160117	87892000	2	1	1
4	87892001	87978000	1	1	0
4	87978001	89810000	2	1	1
4	89810001	89876000	1	1	0
4	89876001	92828000	2	1	1
4	92828001	93165000	1	1	0
4	93165001	95399000	2	1	1
4	95399001	95465000	1	1	0
4	95465001	148857000	2	1	1
4	148857001	148978000	1	1	0
4	148978001	149226000	2	1	1
4	149226001	149521000	1	1	0
4	149521001	154448000	2	1	1
4	154448001	154555000	1	1	0
4	154555001	191154276	2	1	1
5	1	11546000	2	1	1
5	11546001	11658000	1	1	0
5	11658001	14483000	2	1	1
5	14483001	36132000	3	2	1
5	36132001	36279000	2	1	1
5	36279001	47905640	3	2	1
5	47905641	65991000	3	2	1
5	65991001	66148000	2	2	0
5	66148001	66195000	4	2	2
5	66195001	66780000	3	2	1
5	66780001	67044000	2	2	0
5	67044001	70311000	3	2	1
5	70311001	70811000	2	1	1
5	70811001	78343000	3	2	1
5	78343001	78426000	1	1	0
5	78426001	95255000	2	1	1
5	95255001	95371000	1	1	0
5	95371001	125557000	2	1	1
5	125557001	125601000	1	1	0
5	125601001	125657000	0	0	0
5	125657001	125735000	1	1	0
5	125735001	129259000	2	1	1
5	129259001	129325000	1	1	0
5	129325001	138966000	2	1	1
5	138966001	139054000	1	1	0
5	139054001	160287000	2	1	1
5	160287001	171375000	3	2	1
5	171375001	171809000	2	1	1
5	171809001	179059000	3	2	1
5	179059001	179180000	2	2	0
5	179180001	180915260	3	2	1
6	1	1880000	3	2	1
6	1880001	2093000	2	1	1
6	2093001	2177000	1	1	0
6	2177001	2207000	2	1	1
6	2207001	2267000	3	2	1
6	2267001	2344000	2	2	0
6	2344001	7147000	3	2	1
6	7147001	7163000	2	1	1
6	7163001	7197000	0	0	0
6	7197001	7215000	2	1	1
6	7215001	20877000	3	2	1
6	20877001	21158000	2	2	0
6	21158001	28529000	3	2	1
6	28529001	56464000	2	1	1
6	56464001	56592000	1	1	0
6	56592001	60330165	2	1	1
6	60330166	116307000	2	1	1
6	116307001	116423000	1	1	0
6	116423001	120463000	2	1	1
6	120463001	120613000	1	1	0
6	120613001	148461000	2	1	1
6	148461001	148608000	1	1	0
6	148608001	149938000	2	1	1
6	149938001	150158000	1	1	0
6	150158001	151208000	2	1	1
6	151208001	151407000	1	1	0
6	151407001	151780000	2	1	1
6	151780001	152411000	1	1	0
6	152411001	171115067	2	1	1
7	1	5384000	3	2	1
7	5384001	5481000	2	2	0
7	5481001	7713000	3	2	1
7	7713001	8042000	2	1	1
7	8042001	30071000	3	2	1
7	30071001	30209000	2	2	0
7	30209001	32888000	3	2	1
7	32888001	32972000	2	1	1
7	32972001	36954000	3	2	1
7	36954001	37046000	2	1	1
7	37046001	40617000	3	2	1
7	40617001	40798000	2	1	1
7	40798001	59554330	3	2	1
7	59554331	69570000	3	2	1
7	69570001	69636000	2	1	1
7	69636001	69917000	1	1	0
7	69917001	70137000	0	0	0
7	70137001	70201000	1	1	0
7	70201001	77372000	3	2	1
7	77372001	77507000	2	1	1
7	77507001	78009000	3	2	1
7	78009001	78248000	4	2	2
7	78248001	78311000	3	2	1
7	78311001	78746000	2	1	1
7	78746001	90325000	3	2	1
7	90325001	90801000	2	2	0
7	90801001	105291000	3	2	1
7	105291001	105581000	2	1	1
7	105581001	110587000	3	2	1
7	110587001	110606000	1	1	0
7	110606001	110703000	2	1	1
7	110703001	110911000	1	1	0
7	110911001	111495000	3	2	1
7	111495001	111680000	2	2	0
7	111680001	114074000	3	2	1
7	114074001	114286000	2	1	1
7	114286001	127448000	3	2	1
7	127448001	127685000	2	1	1
7	127685001	133373000	3	2	1
7	133373001	133470000	2	1	1
7	133470001	133660000	1	1	0
7	133660001	133855000	2	1	1
7	133855001	151243000	3	2	1
7	151243001	151318000	2	1	1
7	151318001	156954000	3	2	1
7	156954001	157023000	1	1	0
7	157023001	159138663	3	2	1
8	1	3258000	2	1	1
8	3258001	3921000	1	1	0
8	3921001	4235000	1	1	0
8	4235001	18420000	2	1	1
8	18420001	18671000	1	1	0
8	18671001	45338886	2	1	1
8	45338887	48709000	2	1	1
8	48709001	48961000	1	1	0
8	48961001	97779000	2	1	1
8	97779001	98033000	1	1	0
8	98033001	124356000	2	1	1
8	124356001	124437000	1	1	0
8	124437001	146364022	2	1	1
9	1	22655000	2	1	1
9	22655001	23032000	1	1	0
9	23032001	38096000	2	1	1
9	38096001	38179000	1	1	0
9	38179001	48867678	2	1	1
9	48867679	119290000	2	1	1
9	119290001	119392000	1	1	0
9	119392001	126158000	2	1	1
9	126158001	126444000	1	1	0
9	126444001	128405000	2	1	1
9	128405001	128617000	1	1	0
9	128617001	129720000	2	1	1
9	129720001	130048000	1	1	0
9	130048001	134328000	2	1	1
9	134328001	134406000	1	1	0
9	134406001	140320000	2	1	1
9	140320001	140562000	1	1	0
9	140562001	141213431	2	1	1
10	1	40754934	2	1	1
10	40754935	65063000	2	1	1
10	65063001	65087000	1	1	0
10	65087001	65208000	0	0	0
10	65208001	65271000	1	1	0
10	65271001	74773000	2	1	1
10	74773001	74829000	1	1	0
10	74829001	76037000	2	1	1
10	76037001	76386000	1	1	0
10	76386001	77224000	2	1	1
10	77224001	77543000	1	1	0
10	77543001	77687000	2	1	1
10	77687001	77880000	1	1	0
10	77880001	78203000	0	0	0
10	78203001	78305000	1	1	0
10	78305001	93836000	2	1	1
10	93836001	94068000	1	1	0
10	94068001	96007000	2	1	1
10	96007001	96077000	1	1	0
10	96077001	128601000	2	1	1
10	128601001	128859000	1	1	0
10	128859001	135203000	2	1	1
10	135203001	135325000	1	1	0
10	135325001	135534747	2	1	1
11	1	4019000	2	1	1
11	4019001	4109000	1	1	0
11	4109001	14625000	2	1	1
11	14625001	14830000	1	1	0
11	14830001	19269000	2	1	1
11	19269001	19855000	1	1	0
11	19855001	28040000	2	1	1
11	28040001	28157000	1	1	0
11	28157001	53144204	2	1	1
11	53144205	63773000	2	1	1
11	63773001	64047000	1	1	0
11	64047001	70452000	2	1	1
11	70452001	70539000	1	1	0
11	70539001	83994000	2	1	1
11	83994001	84335000	1	1	0
11	84335001	84701000	0	0	0
11	84701001	84912000	1	1	0
11	84912001	116941000	2	1	1
11	116941001	117015000	1	1	0
11	117015001	118391000	2	1	1
11	118391001	135006516	3	2	1
12	1	11812000	2	1	1
12	11812001	12008000	1	1	0
12	12008001	23781000	2	1	1
12	23781001	24010000	1	1	0
12	24010001	24158000	0	0	0
12	24158001	24268000	1	1	0
12	24268001	36356693	2	1	1
12	36356694	74036000	2	1	1
12	74036001	74298000	1	1	0
12	74298001	111505000	2	1	1
12	111505001	111772000	1	1	0
12	111772001	112695000	2	1	1
12	112695001	112767000	1	1	0
12	112767001	123518000	2	1	1
12	123518001	123587000	1	1	0
12	123587001	125427000	2	1	1
12	125427001	125504000	1	1	0
12	125504001	133227000	2	1	1
12	133227001	133313000	1	1	0
12	133313001	133851895	2	1	1
13	1	17499999	2	1	1
13	17500000	43801000	2	1	1
13	43801001	43945000	1	1	0
13	43945001	47567000	2	1	1
13	47567001	47922000	1	1	0
13	47922001	48559000	2	1	1
13	48559001	48650000	1	1	0
13	48650001	50624000	2	1	1
13	50624001	50685000	1	1	0
13	50685001	94243000	2	1	1
13	94243001	94394000	1	1	0
13	94394001	94466000	2	1	1
13	94466001	94654000	1	1	0
13	94654001	101054000	2	1	1
13	101054001	101104000	1	1	0
13	101104001	115169878	2	1	1
14	1	17499999	2	1	1
14	17500000	35751000	2	1	1
14	35751001	35879000	3	2	1
14	35879001	38098000	2	1	1
14	38098001	38181000	1	1	0
14	38181001	51292000	2	1	1
14	51292001	51625000	1	1	0
14	51625001	51833000	2	1	1
14	51833001	52081000	1	1	0
14	52081001	52193000	2	1	1
14	52193001	52428000	1	1	0
14	52428001	53067000	2	1	1
14	53067001	53127000	1	1	0
14	53127001	67056000	2	1	1
14	67056001	67299000	1	1	0
14	67299001	67371000	0	0	0
14	67371001	67405000	1	1	0
14	67405001	67618000	2	1	1
14	67618001	67641000	1	1	0
14	67641001	67794000	0	0	0
14	67794001	68534000	1	1	0
14	68534001	68823000	0	0	0
14	68823001	107349540	1	1	0
15	1	18499999	2	1	1
15	18500000	35098000	2	1	1
15	35098001	64553000	3	2	1
15	64553001	64921000	2	2	0
15	64921001	67361000	3	2	1
15	67361001	67471000	2	2	0
15	67471001	75686000	3	2	1
15	75686001	75921000	2	2	0
15	75921001	102531392	3	2	1
16	1	36835800	2	1	1
16	36835801	78370000	2	1	1
16	78370001	78566000	1	1	0
16	78566001	78676000	2	1	1
16	78676001	79170000	1	1	0
16	79170001	80999000	2	1	1
16	80999001	81052000	1	1	0
16	81052001	85489000	2	1	1
16	85489001	85644000	1	1	0
16	85644001	90354753	2	1	1
17	1	23763005	1	1	0
17	23763006	27802000	2	1	1
17	27802001	27873000	1	1	0
17	27873001	79840000	2	1	1
17	79840001	79957000	1	1	0
17	79957001	81195210	2	1	1
18	1	697000	3	2	1
18	697001	794000	2	2	0
18	794001	7691000	3	2	1
18	7691001	16960897	2	1	1
18	16960898	20530000	2	1	1
18	20530001	20598000	1	1	0
18	20598001	25529000	2	1	1
18	25529001	25725000	1	1	0
18	25725001	45717000	2	1	1
18	45717001	46256000	1	1	0
18	46256001	78077248	2	1	1
19	1	2120000	2	1	1
19	2120001	2188000	1	1	0
19	2188001	26181781	2	1	1
19	26181782	45335000	2	1	1
19	45335001	45391000	3	2	1
19	45391001	58797000	2	1	1
19	58797001	59128983	1	1	0
20	1	3899000	2	1	1
20	3899001	4012000	1	1	0
20	4012001	8767000	2	1	1
20	8767001	8823000	1	1	0
20	8823001	14811000	2	1	1
20	14811001	15171000	1	1	0
20	15171001	15276000	2	1	1
20	15276001	15713000	1	1	0
20	15713001	27869568	2	1	1
20	27869569	34464000	2	1	1
20	34464001	35435000	3	2	1
20	35435001	35550000	2	2	0
20	35550001	42257000	3	2	1
20	42257001	42697000	2	2	0
20	42697001	63025520	3	2	1
21	1	12788128	2	1	1
21	12788129	17828000	2	1	1
21	17828001	17913000	1	1	0
21	17913001	34986000	2	1	1
21	34986001	35234000	1	1	0
21	35234001	48129895	2	1	1
22	1	14499999	1	1	0
22	14500000	32119000	1	1	0
22	32119001	32198000	0	0	0
22	32198001	33708000	1	1	0
22	33708001	33763000	0	0	0
22	33763001	51304566	1	1	0
X	1	44821000	1	1	0
X	44821001	44887000	0	0	0
X	44887001	60132011	1	1	0
X	60132012	63127000	1	1	0
X	63127001	63491000	0	0	0
X	63491001	64168000	1	1	0
X	64168001	64371000	0	0	0
X	64371001	155270560	1	1	0
Y	1	11604552	1	1	0
Y	11604553	59373566	1	1	0
