Samples	ID83A	ID83B	ID83C	ID83D	ID83E	ID83F	ID83G
ZL-201155	0	3	0	0	0	49	0
ZL-201204T	48	162	222	68	129	0	0
ZL-201948	46	404	0	0	275	147	0
ZL-201999	34	245	179	99	0	0	0
ZL-202025	22	104	201	96	0	0	0
ZL-202046	60	244	255	0	201	0	0
ZL-202056	144	234	109	52	90	76	0
ZL-202079	0	225	178	234	0	0	0
ZL009041	0	152	0	1463	327	0	0
ZL026642	26	255	170	92	160	86	0
ZL033326	35	210	320	357	0	0	0
ZL040761	0	0	0	0	0	0	3
ZL054594	0	381	251	0	308	0	0
ZL093073	0	399	244	0	271	0	0
ZL094531	29	233	234	81	77	0	0
ZL094587	47	326	155	0	346	156	0
ZL098594	57350	0	0	0	0	0	0
ZL098834	0	61	322	112	104	0	0
ZL099873	0	337	253	0	211	0	0
ZL117411	69	381	294	309	154	0	0
ZL119464	54	190	270	207	145	0	0
ZL122906	60	185	222	100	0	84	0
ZL130896	47	343	0	169	128	423	0
ZL135285	36	249	193	280	0	0	0
ZL143005	160	0	0	3058	1157	0	0
ZL144459	0	197	307	0	0	146	0
ZL145150	0	410	318	415	180	0	0
ZL154137T	25	180	108	0	106	0	0
ZL160571	42	228	275	91	252	0	0
ZL160658	0	336	226	134	0	0	0
ZL163085	0	438	209	0	191	0	0
ZL163503	0	351	206	146	408	0	0
ZL165633	0	282	0	76	0	132	0
ZL166217	593	777	0	0	0	183	0
ZL169282	43	364	247	0	207	0	0
ZL170022	0	31	125	233	0	0	0
ZL171919	59	487	0	0	518	166	0
ZL173347	9	57	59	0	0	0	0
ZL173419	41	167	483	363	0	0	0
ZL173520	59	343	233	100	155	0	0
ZL176154	0	127	0	0	0	304	0
ZL183080	101	502	396	281	0	0	0
ZL183247	0	1	4	0	0	0	0
ZL185536	46	175	471	110	0	178	0
ZL187056T	0	0	73	34	0	0	0
ZL187784	0	536	247	0	170	0	0
ZL193447	46	228	154	118	75	78	0
ZL200007	38	181	118	96	84	160	0
ZL200095	26	140	278	76	92	0	0
ZL200191	0	195	180	79	152	0	0
ZL200205	35	128	233	58	86	82	0
ZL200206	36	158	112	111	133	0	0
ZL200236	47	305	162	0	74	0	0
ZL200258	100	185	128	0	138	79	0
ZL200312	51	163	96	0	106	0	0
ZL200387	0	128	159	292	198	132	0
ZL200509	0	545	296	0	0	0	0
ZL200531	30	200	99	81	114	0	0
ZL200638	0	182	0	71	164	75	0
ZL200746T	0	0	106	53	0	39	0
ZL200881T	85	144	194	0	87	0	0
ZL200942T	25	156	155	0	339	0	0
ZL200989T	49	336	0	0	205	130	0
ZL200995T	0	324	193	0	122	0	0
ZL201029T	0	267	220	190	212	0	0
ZL201057T	36	66	151	55	53	0	0
ZL201059T	0	547	232	313	0	0	0
ZL201074T	29	138	234	226	101	0	0
ZL201109T	31	73	220	97	0	0	0
ZL201144T	0	206	139	0	109	0	82
ZL201217T	22	55	98	0	0	0	0
ZL201238T	51	229	123	0	131	70	0
ZL201286T	0	88	196	64	59	50	0
ZL201292T	33	154	152	78	0	0	0
ZL201309T	0	236	185	275	337	0	0
ZL201325T	30	139	127	42	0	0	0
ZL201360T	0	67	102	69	0	0	0
ZL201378T	0	0	36	57	0	35	0
ZL201381T	0	130	0	792	317	0	0
ZL201403T	29	79	271	73	85	0	0
ZL201425T	61	214	148	107	96	0	0
ZL201450T	14	89	149	50	58	0	0
ZL201482T	16	52	177	82	59	52	0
ZL201509T	50	133	163	0	54	0	0
ZL201537T	0	111	142	0	58	0	0
ZL201557T	0	105	201	63	90	92	0
ZL201573T	24	99	139	66	0	81	0
ZL201645K	43	212	355	165	293	0	0
ZL201703T	30	120	180	67	69	79	0
ZL201949T	0	277	187	317	197	188	0
ZL202004T	37	179	356	67	0	0	0
ZL202165T	48	178	184	0	216	87	0
ZL202470	29	227	0	0	85	144	0
ZL202543T	46	202	291	0	82	0	0
ZL202690T	164	174	224	0	200	318	0
ZL202883	26	180	181	0	104	0	0
ZL203330	48	351	176	77	0	0	0
ZL203405T	64	206	181	0	0	0	0
ZL203684T	64	381	244	81	0	0	0
ZL203719T	0	433	238	0	0	0	0
ZL1056056	37	219	0	54	135	109	0
ZL1095842	31	114	291	62	138	0	0
ZL1132727	0	303	316	611	0	0	0
ZL1134324	37	210	221	0	187	0	0
ZL1135196	0	218	268	159	242	0	0
ZL1135526	42	397	216	213	0	0	0
ZL1135687	52	439	229	0	176	139	0
ZL1135777	416	342	265	208	0	0	0
ZL1135893	29	231	137	73	0	0	0
ZL1135916	61	220	299	75	0	0	0
ZL1136162	0	125	201	103	86	0	0
ZL1136289	0	85	329	96	106	78	0
ZL1136315	0	1	4	0	0	0	2
ZL1136555	48	329	198	185	93	0	0
ZL1136727	0	0	0	3124	950	0	0
ZL1136761	66	498	211	285	500	0	0
ZL1137133	0	67	0	641	254	0	0
ZL1137172	0	0	0	5	0	0	0
ZL1137270	143	530	0	257	358	155	0
ZL1137379	0	1	0	0	0	0	4
ZL1137449	0	428	255	357	0	0	0
ZL1137632	0	271	0	0	110	181	0
ZL1137732	106	335	0	0	501	168	0
ZL1137748	0	0	175	134	877	0	0
ZL1137810	0	164	136	62	0	0	0
ZL1137816	78	603	321	196	0	0	0
ZL1138220	0	319	727	233	0	500	0
ZL1138247	38	233	90	61	84	74	0
ZL1138279	26	202	0	85	201	98	0
ZL1138297	0	141	133	621	132	0	0
ZL1138367	0	175	224	87	0	0	0
ZL1138649	31	68	194	367	141	0	0
ZL1138854	35	218	268	265	0	0	0
ZL1138867	25	219	253	0	99	0	0
ZL1139109	42	157	345	136	0	93	0
ZL1139195	0	488	0	0	192	339	0
ZL1139220	0	0	120	145	0	0	0
ZL1139421	0	273	224	130	0	0	0
ZL1139424	0	31	76	30	50	56	0
ZL1139564	111	329	216	0	165	122	0
ZL1139784	27	172	193	68	227	96	0
ZL1139936	42	193	161	0	85	0	0
ZL1139961	0	481	205	290	284	0	0
ZL1139972	48	221	357	70	242	0	0
ZL1140305	53	307	103	58	0	0	0
ZL1140523	0	150	247	1123	0	0	0
ZL1140557	0	292	205	0	0	0	0
ZL1140665	0	368	254	543	0	0	0
ZL1141052	39	142	429	0	0	0	0
ZL1141078	34	190	228	62	91	94	0
ZL1141129	0	259	228	142	118	0	0
ZL1141141	75	477	345	260	359	0	0
ZL1141184	98	349	291	102	0	0	0
ZL1141410	0	442	310	162	214	0	0
ZL1141532	0	261	194	105	153	0	0
ZL203817T	123	367	0	0	180	313	0
ZL203846T	0	443	290	0	225	0	0
ZL204186T	55	382	218	145	177	0	0
ZL204195T	0	10	32	24	50	41	0
ZL204255T	45	232	274	195	253	0	0
ZL204283	97	346	306	143	133	0	0
ZL204310T	94	162	222	81	0	0	0
ZL204311T	109	458	218	0	0	0	0
ZL204365	32	186	109	0	87	90	0
ZL204405T	58	250	288	0	86	0	0
ZL204460T	59	295	208	90	0	0	0
ZL204484T	45	252	193	188	90	0	0
ZL204527	50	226	319	86	114	0	0
ZL204697T	144	1727	0	309	0	0	0
ZL205085	0	166	191	94	0	69	0
ZL205563	34	253	161	66	136	153	0
ZL206293	0	493	185	0	318	226	0
ZL206427	0	113	0	0	0	215	1101
ZL206489	0	365	0	0	201	0	966
ZL206535	0	0	0	0	124	0	810
ZL206558	170	99	138	149	108	289	0
ZL206640	0	137	169	0	0	0	522
ZL206724	0	102	107	0	0	0	653
ZL206733	0	2	0	0	0	0	0
ZL206735	0	356	231	196	0	0	826
ZL206748	70	140	310	1219	0	0	0
ZL206763	0	1	0	14	0	0	0
ZL206773	0	112	0	0	99	0	1022
ZL206777	0	385	259	139	0	174	0
ZL206783	55	565	189	0	113	0	0
ZL206797	56	366	185	116	0	0	0
ZL206838	0	363	388	348	181	0	0
ZL206853	184	683	0	0	827	242	0
ZL206871	0	0	116	21	0	0	15
ZL206878	30	256	182	202	0	0	0
ZL206884	55	360	440	0	378	0	0
ZL206888	43	93	293	130	272	128	0
ZL206915	0	582	0	340	0	0	0
ZL206918	50	248	317	0	156	157	0
ZL206920	0	528	0	0	496	0	0
ZL206924	0	12	153	0	69	0	0
ZL206939	45	205	365	102	0	103	0
ZL206956	49	587	0	0	139	0	0
ZL206962	0	322	260	221	0	0	0
ZL206990	0	133	245	269	0	0	0
ZL206993	0	401	263	0	369	0	0
ZL207022	0	434	135	0	0	0	0
ZL207039	110	345	230	0	350	0	0
ZL207045	0	0	34	30	34	22	0
ZL207048	34	269	157	94	0	0	0
ZL207056	0	335	0	0	366	92	0
ZL207061	0	147	219	0	117	0	88
ZL207066	0	228	158	0	87	0	79
ZL207079	88	555	0	202	245	199	0
ZL207103	0	277	0	0	80	0	0
ZL207105	116	287	194	162	0	0	0
ZL207125	0	216	141	0	199	0	0
ZL207165	38	203	177	123	135	0	0
ZL207195	0	115	181	337	0	0	0
ZL207197	57	200	280	0	169	0	0
ZL207206	38	192	293	0	165	0	0
ZL207219	0	0	78	40	0	0	0
ZL207264	26	178	100	47	0	0	0
ZL207278	61	418	368	0	135	121	0
ZL207281	0	343	251	0	236	224	0
ZL207288	0	264	79	63	0	0	0
ZL207295	0	178	123	0	0	140	0
ZL207350	0	469	164	0	116	0	0
ZL207353	29	236	156	90	0	0	0
ZL207357	0	396	109	0	123	0	0
ZL207365	0	226	0	0	158	153	0
ZL207366	69	358	269	131	113	0	0
ZL207393	78	517	358	424	0	0	0
ZL207402	0	0	0	5	0	8	0
ZL207405	29	185	168	57	209	0	0
ZL207445	1680	593	0	0	0	868	0
ZL207452	42	249	143	82	0	314	0
ZL207455	42	199	394	263	131	0	0
ZL207484	48	302	235	70	115	0	0
ZL207492	0	230	325	0	410	0	0
ZL207513	0	434	282	0	194	0	0
ZL207523	34	295	130	0	85	0	0
ZL207525	0	203	361	148	184	0	0
ZL207527	0	476	207	0	126	0	0
ZL207551	69	356	264	214	170	0	0
ZL207587	19	140	197	82	68	58	0
ZL207640	57	204	105	126	74	0	0
ZL207656	0	209	220	145	496	0	0
ZL207657	85	188	160	72	0	95	0
ZL207667	0	281	313	0	143	0	0
ZL207675	0	326	123	0	158	0	0
ZL207686	74	611	496	0	256	0	0
ZL207714	0	29	56	73	31	57	0
ZL207732	28	209	229	114	0	127	0
ZL207783	0	263	175	84	188	0	0
ZL207806	91	404	0	115	0	137	0
ZL207826	41	244	202	0	136	315	0
ZL207852	0	7	62	58	0	28	0
ZL207866	0	237	162	77	310	113	0
ZL207878	47	186	229	256	271	0	0
ZL207879	0	49	200	535	0	0	0
ZL207887	0	183	193	64	79	0	0
ZL207888	276	293	151	0	140	142	0
ZL207891	75	282	202	0	341	0	0
ZL207904	49	189	80	48	82	141	0
ZL207916	93	335	202	0	217	0	0
ZL207917	99	183	145	70	92	170	0
ZL207920	105	446	232	95	150	0	0
ZL207931	0	0	0	0	0	1	0
ZL207958	115	426	0	0	177	178	0
ZL207961	34	139	280	101	85	0	0
ZL207966	0	188	248	382	271	0	0
ZL207975	0	282	256	127	0	0	0
ZL208000	50	249	170	65	124	173	0
ZL208008	0	599	0	1699	0	0	0
ZL208010	0	236	169	319	214	0	0
ZL208013	0	773	0	0	430	0	0
ZL208016	0	248	219	0	0	0	0
ZL208039	0	496	0	0	0	191	0
ZL208043	0	0	65	36	26	0	0
ZL208069	44	231	0	192	157	144	0
ZL208079	191	386	227	0	0	0	0
ZL208105	133	547	236	172	0	0	0
ZL208108	0	125	266	110	319	0	0
ZL208122	69	268	222	136	119	0	0
ZL208124	0	40	115	128	0	38	0
ZL208125	38	240	146	80	78	0	0
ZL208131	39	193	445	152	236	0	0
ZL208137	0	222	225	0	331	0	0
ZL208146	0	426	193	0	0	0	0
ZL208150	39	252	108	0	199	155	0
ZL208180	79	514	187	0	270	0	0
ZL208202	47	489	0	0	89	149	0
ZL208213	0	236	0	0	113	51	0
ZL208214	0	392	386	0	138	0	0
ZL208215	77	242	376	120	0	0	0
ZL208231	0	157	141	77	68	70	0
ZL208250	36	297	176	91	136	0	0
ZL208275	75	150	201	454	163	0	0
ZL208283	36	241	234	61	0	0	0
ZL208289	0	112	0	56	106	199	0
ZL208320	55	88	434	534	0	0	0
ZL208379	17	76	209	57	100	54	0
ZL208386	0	101	561	142	0	174	0
ZL208387	58	196	0	0	124	138	0
ZL208401	0	583	0	0	127	0	0
ZL208439	110	423	111	0	94	0	0
ZL208444	42	276	119	64	78	105	0
ZL208449	0	220	177	95	0	0	0
ZL208452	0	701	389	0	210	0	0
ZL208465	0	506	333	0	0	0	0
ZL208480	0	11	62	19	31	42	0
ZL208501	78	498	255	104	331	0	0
ZL208523	0	204	240	319	108	0	0
ZL208526	54	215	272	272	0	0	0
ZL208528	39	232	0	461	0	504	0
ZL208535	0	10	0	24	38	14	0
ZL208564	0	653	244	0	185	0	0
ZL208566	92	395	171	77	129	0	0
ZL208592	39	423	233	146	0	0	0
ZL208611	62	230	247	119	163	0	0
ZL208626	0	227	290	0	137	0	0
ZL208634	38	201	0	79	112	195	0
ZL208658	0	408	122	67	0	0	0
ZL208685	0	350	0	646	438	392	0
ZL208701	76	194	287	49	0	110	0
ZL208705	0	225	278	0	146	0	0
ZL208723	22	115	204	0	140	0	0
ZL208735	33	173	164	224	0	0	0
ZL208740	0	129	125	0	100	0	0
ZL208773	155	386	210	95	0	0	0
ZL208788	0	0	0	0	4	0	0
ZL208801	54	289	328	0	470	0	0
ZL208818	28	136	197	36	0	128	0
ZL208837	31	107	103	51	182	69	0
ZL208845	119	419	236	173	148	0	0
ZL208850	56	310	0	0	153	364	0
ZL208856	0	435	218	0	0	0	0
ZL208921	0	33	191	61	141	0	0
ZL208964	51	125	198	64	151	82	0
ZL209052	41	221	201	593	153	0	0
ZL209059	62	126	0	93	62	67	0
ZL209069	212	634	168	103	0	0	0
ZL209078	42	279	273	276	205	0	0
ZL209088	431	303	0	199	0	532	0
ZL209090	0	363	90	43	0	0	0
ZL209137	60	361	309	75	0	0	0
ZL209139	67	394	265	0	0	0	0
ZL209162	0	501	305	0	177	0	0
ZL209192	57	302	311	122	148	124	0
ZL209237	77	589	178	122	0	0	0
ZL209265	0	242	173	69	76	0	0
ZL209270	41	132	180	66	162	0	0
ZL209281	0	450	181	0	296	0	0
ZL209283	36	90	277	71	70	110	0
ZL209318	73	169	180	71	217	113	0
ZL209319	82	200	179	92	88	0	0
ZL209342	50	173	277	140	135	146	0
ZL209356	38	239	252	0	98	0	0
ZL209364	67	217	421	449	0	0	0
ZL209372	0	0	21	5	0	13	0
ZL209387	0	0	68	11	0	0	0
ZL209390	43	129	176	78	0	0	0
ZL209397	0	201	209	86	305	0	0
ZL209398	169	256	0	0	461	486	0
ZL209404	0	0	0	1	0	0	2
ZL209456	0	1	0	0	0	2	0
ZL209483	140	425	190	92	0	120	0
ZL209518	56	243	238	336	0	0	0
ZL209519	73	898	0	0	156	190	0
ZL209543	61	299	203	0	110	0	0
ZL209566	0	217	194	0	162	0	0
ZL209579	0	338	296	196	144	0	0
ZL209581	0	350	265	347	0	0	0
ZL209590	101	201	176	60	0	89	0
ZL209640	39	148	210	49	70	0	0
ZL209645	94	344	169	109	0	0	0
ZL209672	0	203	173	201	286	0	0
ZL209700	0	204	167	0	90	0	0
ZL209753	0	319	0	0	339	223	0
ZL209773	47	205	0	120	0	167	0
ZL209937	22436	5175	0	0	0	0	0
ZL210018	39	164	156	77	0	0	0
ZL210024	142	372	226	339	0	0	0
ZL210047	0	186	122	53	188	91	0
ZL210086	115	353	704	0	0	417	0
ZL210088	0	133	214	60	76	0	0
ZL210124	41	234	316	105	287	0	0
ZL210126	62	408	233	168	0	0	0
ZL210128	150	212	0	112	100	544	0
ZL210133	0	342	0	660	321	0	0
ZL210141	49	336	238	0	237	0	0
ZL210168	45	115	205	69	181	202	0
ZL210182	0	354	0	0	0	101	0
ZL210192	0	380	332	0	0	0	0
ZL210193	58	175	164	133	0	0	0
ZL210198	0	17	48	0	52	37	0
ZL210222	24	181	158	0	0	0	0
ZL210245	0	315	195	67	0	0	0
ZL210261	0	293	229	219	0	0	0
ZL210323	60	429	276	0	205	240	0
ZL210353	40	350	274	67	0	0	0
ZL210362	0	433	239	0	159	0	0
ZL210390	0	426	206	77	0	0	0
ZL210396	172	417	0	122	143	132	0
ZL210399	23	309	86	53	0	0	0
ZL210424	0	96	121	30	55	0	0
ZL210445	0	24	53	21	0	0	0
ZL210460	48	344	304	0	169	0	0
ZL210522	0	286	233	508	232	0	0
ZL210798	0	105	128	82	63	68	0
ZL210842	59	474	176	0	114	221	0
ZL210860	75	278	341	88	226	0	0
ZL210905	0	0	151	156	61	0	0
ZL210917	0	0	0	4	0	0	0
ZL210961	0	235	271	737	0	0	0
ZL211081	56	383	172	79	169	0	0
ZL211093	0	0	0	3	0	0	0
ZL211372	0	277	76	108	0	0	0
ZL211383	44	283	233	110	148	0	0
ZL211402	0	328	151	77	0	131	0
ZL211456	0	423	363	0	196	0	0
ZL211498	55	413	379	115	164	0	0
ZL211549	0	189	200	0	103	94	0
ZL211583	0	334	336	141	0	314	0
ZL211599	0	212	292	242	101	0	0
ZL211606	239	95	0	656	242	0	0
ZL211643	56	216	146	429	147	0	0
ZL211653	50	237	168	0	189	0	0
ZL211683	32	243	184	161	0	231	0
ZL211693	0	275	258	0	122	0	0
ZL211703	32	213	179	74	0	0	0
ZL211704	40	252	270	85	0	149	0
ZL211707	0	1	0	0	1	0	0
ZL211709	59	374	301	90	131	0	0
ZL211710	71	267	241	161	134	0	0
ZL211720	44	195	290	129	164	110	0
ZL211733	0	269	0	0	0	375	0
ZL211761	50	205	207	368	0	100	0
ZL211768	32	324	122	0	70	0	0
ZL211789	0	0	4	0	0	5	0
ZL211817	30	122	104	40	46	83	0
ZL211826	79	448	374	167	0	0	0
ZL211827	0	151	0	0	100	395	0
ZL211828	0	170	161	126	108	0	0
ZL211891	30	185	252	76	97	0	0
ZL211921	0	296	226	85	225	0	0
ZL211953	35	232	0	84	79	101	0
ZL211974	73	263	0	0	169	341	0
ZL211976	0	239	228	0	141	0	0
ZL212037	25	211	165	74	173	0	0
ZL212061	0	12	68	23	0	55	0
ZL212063	0	478	0	0	121	127	0
ZL212068	17	150	102	36	0	0	0
ZL212097	66	373	222	0	128	0	0
ZL212098	24	76	140	0	71	0	0
ZL212237	61	189	646	98	0	0	0
ZL212250	97	311	141	74	129	0	0
ZL212278	19	48	247	103	0	0	0
ZL212293	40	222	313	0	133	0	0
ZL212299	65	242	183	85	0	0	0
ZL212357	41	198	169	0	168	0	0
ZL212392	0	190	163	50	188	0	0
ZL212423	0	342	0	386	355	0	0
ZL212425	0	403	132	187	314	0	0
ZL212433	27284	0	0	0	0	0	0
ZL212462	0	344	239	0	0	122	0
ZL212505	78	274	170	0	308	127	0
ZL212534	0	736	0	0	145	0	0
ZL212590	0	416	343	1034	0	0	0
ZL212614	0	179	0	210	364	332	0
ZL212645	40	195	120	80	75	0	0
ZL212991	21	160	0	0	116	50	0
ZL213246	0	236	165	0	108	0	0
ZL213328	40	136	241	70	107	0	0
ZL213518	0	263	268	738	0	0	0
ZL213692	0	28	0	0	0	0	0
ZL213785	0	321	153	0	173	0	0
ZL213801	0	222	284	0	122	0	0
ZL213836	0	376	0	0	111	0	0
ZL214548	33	155	186	132	0	78	0
ZL214774	54	204	0	0	136	266	0
ZL215712	0	158	92	0	136	0	0
ZL217568	0	489	0	100	166	125	0
ZL217739	0	224	116	68	0	140	0
ZL471600	35	204	150	186	91	107	0
ZL685304	0	584	0	914	634	0	0
ZL724573	45	155	273	389	102	0	0
ZL769907	45	208	162	113	145	0	0
ZL788093	48	491	0	159	194	404	0
ZL811557	0	201	402	310	0	0	0
ZL838091	48	194	187	581	293	0	0
ZL885253	94	296	326	191	0	0	0
ZL903239	0	224	0	1974	862	0	0
ZL904678	137	551	356	0	259	169	0
ZL981061	45	187	343	83	112	0	0
ZL984521	37	235	193	239	0	90	0
ZL995439	46	252	0	0	139	537	0
ZL998638	42	334	213	0	106	85	0
