mutation_id	ZL1137172	ZL1137172_std	cluster_id
chr10:101361774	0.9931498555263306	0.019408570156887076	0
chr10:102365420	0.9930417926205757	0.019921597546130296	0
chr10:104363960	0.9932211000656638	0.019261724399159925	0
chr10:108577941	0.9930429495373089	0.01985198014253512	0
chr10:10872579	0.9931943962144266	0.01927544602882284	0
chr10:11787129	0.9932188720019801	0.01926145408823244	0
chr10:121610022	0.9932188720019801	0.01926145408823244	0
chr10:126105143	0.992935819753666	0.02011131153526106	0
chr10:126295997	0.9932188720019801	0.01926145408823244	0
chr10:129335956	0.9931048169806016	0.019476750080546498	0
chr10:129368454	0.9929984922801615	0.019953235621949523	0
chr10:13065842	0.9929984922801615	0.019953235621949523	0
chr10:1465317	0.9923747372633899	0.024160130182852117	0
chr10:19083157	0.9930674253248624	0.019838581868092182	0
chr10:23473842	0.9932188720019801	0.01926145408823244	0
chr10:243444	0.992554932878177	0.02544582928388577	0
chr10:24478455	0.9932188720019801	0.01926145408823244	0
chr10:25152006	0.9930140652345933	0.02030882932814486	0
chr10:27808476	0.9931650792999764	0.01933302129955262	0
chr10:34384066	0.9929012568125656	0.02013801790231128	0
chr10:45257336	0.9926750843415741	0.02189432171817732	0
chr10:47017186	0.9916608836637737	0.029213807614642658	14
chr10:47072726	0.9928310771685139	0.020622345667220127	0
chr10:53731636	0.9932188720019801	0.01926145408823244	0
chr10:56012265	0.9932188720019801	0.01926145408823244	0
chr10:60039019	0.9931499389572792	0.01938006179305188	0
chr10:60458591	0.9929942234870217	0.019864163725118417	0
chr10:61923717	0.9929617818690173	0.020617273626087538	0
chr10:6329463	0.9932188720019801	0.01926145408823244	0
chr10:7942660	0.9932188720019801	0.01926145408823244	0
chr10:79558770	0.9932211000656638	0.019261724399159925	0
chr10:83058480	0.993105433712659	0.01956531307065619	0
chr10:83213684	0.9930648158508215	0.019580654406205086	0
chr10:87780480	0.9925489044216438	0.025648331164004484	0
chr10:89677093	0.9930353266990395	0.020199464116626275	0
chr10:9143731	0.9931673073636601	0.019333296815394377	0
chr10:92265983	0.9931943962144266	0.01927544602882284	0
chr10:96485082	0.9931499389572792	0.01938006179305188	0
chr11:117215704	0.9931943962144266	0.01927544602882284	0
chr11:121552542	0.9930330986353558	0.020199185842610937	0
chr11:121594084	0.9932188720019801	0.01926145408823244	0
chr11:131237814	0.9928177247707108	0.02302001905192222	0
chr11:134159824	0.9930358839359008	0.019593652930213385	0
chr11:21633528	0.9931476617698277	0.019338644331967837	0
chr11:21996690	0.9930998737864727	0.019488130176019428	0
chr11:24220692	0.9931650792999764	0.01933302129955262	0
chr11:25304917	0.9931943962144266	0.01927544602882284	0
chr11:26538651	0.992702777453483	0.0224900341374486	0
chr11:2683458	0.9931699204268732	0.01928939673238577	0
chr11:27930333	0.9930416976260596	0.0198915666859323	0
chr11:30930988	0.9932188720019801	0.01926145408823244	0
chr11:32358854	0.9931943962144266	0.01927544602882284	0
chr11:32393882	0.9932188720019801	0.01926145408823244	0
chr11:34116385	0.9928992706672285	0.020653559127809643	0
chr11:36926742	0.9930007203438451	0.019953521194121818	0
chr11:41735386	0.9932188720019801	0.01926145408823244	0
chr11:42936132	0.9931943962144266	0.01927544602882284	0
chr11:46274753	0.9930914803423596	0.019737133741421817	0
chr11:46514061	0.9924113440166511	0.024345888978181376	0
chr11:5512296	0.9929000661914368	0.02101115188707225	0
chr11:56322213	0.9931499389572792	0.01938006179305188	0
chr11:61666061	0.9931943962144266	0.01927544602882284	0
chr11:6252185	0.993042353553272	0.01952153561391675	0
chr11:64523316	0.9927351033550852	0.02213339430634832	0
chr11:67221847	0.9930983743189593	0.019451283534265774	0
chr11:67223799	0.9931943962144266	0.01927544602882284	0
chr11:67276201	0.9925169487699538	0.024312378396705067	0
chr11:69478138	0.9931699204268732	0.01928939673238577	0
chr11:71119407	0.9929366225907542	0.021379256155500004	0
chr11:75330173	0.9931943962144266	0.01927544602882284	0
chr11:82059595	0.9930451776009925	0.01985226217672271	0
chr11:91518390	0.9932188720019801	0.01926145408823244	0
chr11:94142563	0.9932211000656638	0.019261724399159925	0
chr11:97325658	0.9932188720019801	0.01926145408823244	0
chr11:99196552	0.992734078545136	0.021031413681469453	0
chr11:99804181	0.9931254631697258	0.01939388108039797	0
chr12:101156092	0.9929891568353053	0.019920950502433643	0
chr12:102228091	0.992828783749988	0.02115336793012081	0
chr12:105541159	0.9929493079069365	0.020053210132807985	0
chr12:111893696	0.9929473602535761	0.02042094758559165	0
chr12:111916999	0.9930429495373089	0.01985198014253512	0
chr12:112509838	0.9931315208318388	0.019463293398838285	0
chr12:114316013	0.9931943962144266	0.01927544602882284	0
chr12:11681886	0.9932188720019801	0.01926145408823244	0
chr12:118023932	0.9931650792999764	0.01933302129955262	0
chr12:125348683	0.9931428315761067	0.019347171500561953	0
chr12:125916113	0.9931499389572792	0.01938006179305188	0
chr12:12605558	0.9931667585110618	0.019357069747584464	0
chr12:126179500	0.9923588304574831	0.025740024719130214	0
chr12:129919737	0.9931966242781103	0.019275718975503103	0
chr12:131222022	0.992917814188679	0.02050177592520918	0
chr12:13925705	0.9932188720019801	0.01926145408823244	0
chr12:14288611	0.9932188720019801	0.01926145408823244	0
chr12:19828140	0.9929079891670136	0.020683480942921457	0
chr12:21125439	0.9932233281293474	0.019261994448312465	0
chr12:27140839	0.9927241031665451	0.024721069219764243	0
chr12:28272399	0.9932188720019801	0.01926145408823244	0
chr12:28665292	0.993097945175773	0.01963963633868825	0
chr12:28863151	0.9929340969513383	0.02119937160217669	0
chr12:28952138	0.9915558632173435	0.030848120886734515	4
chr12:30680569	0.9924216496609347	0.028406918914779675	0
chr12:39563929	0.9931061445635493	0.019416419685092133	0
chr12:40785660	0.9931966242781103	0.019275718975503103	0
chr12:43382600	0.993015854478834	0.019763261251700123	0
chr12:45742987	0.9926634504523042	0.024092119641515013	0
chr12:53093345	0.9931943962144266	0.01927544602882284	0
chr12:54589569	0.9930005385649174	0.01991172867787732	0
chr12:59889906	0.9932188720019801	0.01926145408823244	0
chr12:74991773	0.9929528301188082	0.02020152285246195	0
chr12:75035342	0.9930957171120893	0.019639357243469123	0
chr12:76015094	0.9932188720019801	0.01926145408823244	0
chr12:78394833	0.9931943962144266	0.01927544602882284	0
chr12:79589433	0.9932188720019801	0.01926145408823244	0
chr12:84433505	0.9932188720019801	0.01926145408823244	0
chr12:94065695	0.9932211000656638	0.019261724399159925	0
chr12:97421837	0.9930674253248624	0.019838581868092182	0
chr12:97785679	0.9930694716096183	0.01979682740485668	0
chr12:99142504	0.9929753816693812	0.020099944938443103	0
chr13:100880756	0.9927662492279561	0.021457112086445834	0
chr13:104230243	0.9930715057668569	0.019803089277284365	0
chr13:109235941	0.992773523532855	0.021140697988612473	0
chr13:110745784	0.9930895417029596	0.01975061492188949	0
chr13:111740847	0.9930088615388257	0.01991051716465041	0
chr13:24602910	0.9929487800201523	0.019986595366053964	0
chr13:25851214	0.992685876983723	0.02341675110850084	0
chr13:26146900	0.9928169473752878	0.02083639728696268	0
chr13:42100262	0.9931943962144266	0.01927544602882284	0
chr13:42132425	0.9932188720019801	0.01926145408823244	0
chr13:44879975	0.9931943962144266	0.01927544602882284	0
chr13:50437521	0.9929808385487049	0.020070181961387545	0
chr13:54340479	0.9927617040050235	0.02307872879655249	0
chr13:54340557	0.9930061378782643	0.01983652263207812	0
chr13:63076967	0.9931943962144266	0.01927544602882284	0
chr13:63186257	0.9932188720019801	0.01926145408823244	0
chr13:63698731	0.9929585298149597	0.020050472214974243	0
chr13:67466810	0.9926753791307302	0.02131723470026089	0
chr13:67523521	0.99294465045439	0.019981918265599627	0
chr13:67854674	0.9930113381094772	0.020417089711537842	0
chr13:68673901	0.9927105697207602	0.023778633861574503	0
chr13:68847076	0.9932211000656638	0.019261724399159925	0
chr13:69096044	0.9930831859887893	0.01957922754968289	0
chr13:70792957	0.9931112865979729	0.019404175283741155	0
chr13:73063321	0.9931009873821723	0.019407659629410448	0
chr13:77017357	0.9929646810477518	0.01993419721889957	0
chr13:77738714	0.9929321664633869	0.02137870949047713	0
chr13:82859825	0.9930961462552755	0.01945100178564881	0
chr13:87529482	0.9932211000656638	0.019261724399159925	0
chr13:88859239	0.9931389884771803	0.01933823406094698	0
chr13:89812988	0.9930293932867856	0.01964926558350584	0
chr13:91055119	0.9932188720019801	0.01926145408823244	0
chr13:97469621	0.9931254631697258	0.01939388108039797	0
chr13:98287592	0.9931292927681551	0.019463015622382833	0
chr13:98714719	0.9925577212606063	0.023726476146464087	0
chr14:20603334	0.9931406035124231	0.019346893360758535	0
chr14:26003517	0.9929580674775358	0.020097928735796505	0
chr14:27835939	0.9931521670209629	0.019380338382508248	0
chr14:31671764	0.9932188720019801	0.01926145408823244	0
chr14:33547447	0.9930266643579764	0.019591512061196206	0
chr14:34209455	0.9931943962144266	0.01927544602882284	0
chr14:34236034	0.993069653388546	0.019838861341173783	0
chr14:34964272	0.9930810059125783	0.01949770405892919	0
chr14:40000637	0.9931292927681551	0.019463015622382833	0
chr14:40358721	0.9929815423812989	0.019686879070041425	0
chr14:42840421	0.9932188720019801	0.01926145408823244	0
chr14:42910634	0.9932211000656638	0.019261724399159925	0
chr14:42910635	0.9929891568353053	0.019920950502433643	0
chr14:43287056	0.9929325825791128	0.021269234000075538	0
chr14:44011458	0.9929984922801615	0.019953235621949523	0
chr14:44530882	0.9931943962144266	0.01927544602882284	0
chr14:51785721	0.9930658542227646	0.019849936536109888	0
chr14:53392128	0.9932188720019801	0.01926145408823244	0
chr14:54443286	0.9932211000656638	0.019261724399159925	0
chr14:54575260	0.9932188720019801	0.01926145408823244	0
chr14:55591553	0.9931406035124231	0.019346893360758535	0
chr14:55679745	0.9931499389572792	0.01938006179305188	0
chr14:58789030	0.9930674253248624	0.019838581868092182	0
chr14:58966054	0.9930847863872397	0.019525733075677388	0
chr14:67728454	0.9931406035124231	0.019346893360758535	0
chr14:83451774	0.9931943962144266	0.01927544602882284	0
chr14:84632871	0.9932188720019801	0.01926145408823244	0
chr14:85841651	0.9932211000656638	0.019261724399159925	0
chr14:89316056	0.9932188720019801	0.01926145408823244	0
chr14:93837422	0.9930062046842023	0.02035250133653524	0
chr14:96380511	0.9931406035124231	0.019346893360758535	0
chr15:24000896	0.9932188720019801	0.01926145408823244	0
chr15:25474084	0.9932211000656638	0.019261724399159925	0
chr15:27958693	0.9927148005666158	0.022310836064209503	0
chr15:34356875	0.9929357967450362	0.020389093306829923	0
chr15:39522423	0.9930809579251056	0.01957894591208337	0
chr15:42222790	0.9931650792999764	0.01933302129955262	0
chr15:50274930	0.9930716704677222	0.019464702999276558	0
chr15:57220468	0.9930694716096183	0.01979682740485668	0
chr15:62473974	0.9931499389572792	0.01938006179305188	0
chr15:62908364	0.9929895894470399	0.02032185323850186	0
chr15:65180294	0.9932188720019801	0.01926145408823244	0
chr15:69070716	0.9930694716096183	0.01979682740485668	0
chr15:84315781	0.9931943962144266	0.01927544602882284	0
chr15:85930832	0.9931499389572792	0.01938006179305188	0
chr15:98715266	0.9931292927681551	0.019463015622382833	0
chr16:1718725	0.9926911011020454	0.02269134205205465	0
chr16:23625129	0.9932188720019801	0.01926145408823244	0
chr16:28913352	0.9930199411285369	0.01987259127786171	0
chr16:3318570	0.9930449958220648	0.01981025644986546	0
chr16:50117167	0.9932188720019801	0.01926145408823244	0
chr16:50285839	0.9932188720019801	0.01926145408823244	0
chr16:54542844	0.9930216052969156	0.019572103632709555	0
chr16:56258071	0.9923655593456719	0.02657242530293697	0
chr16:56290781	0.9932188720019801	0.01926145408823244	0
chr16:5690028	0.9920627833700875	0.029286109487444072	0
chr16:65180786	0.9928838800219217	0.02074917871242187	0
chr16:68111157	0.9925975059855104	0.023215116039316187	0
chr16:7066524	0.9931943962144266	0.01927544602882284	0
chr16:80694507	0.9931943962144266	0.01927544602882284	0
chr16:85233798	0.9931334660710239	0.019433924699033017	0
chr16:86629393	0.993105433712659	0.01956531307065619	0
chr16:86876434	0.9930873136392759	0.019750336445970077	0
chr16:89236643	0.9924978394680385	0.024983959935525216	0
chr17:17052448	0.9931521670209629	0.019380338382508248	0
chr17:2275851	0.993069653388546	0.019838861341173783	0
chr17:25799159	0.9930674253248624	0.019838581868092182	0
chr17:26458316	0.9932188720019801	0.01926145408823244	0
chr17:26870697	0.9931650792999764	0.01933302129955262	0
chr17:27013517	0.9927001567833305	0.022434326930403658	0
chr17:27597745	0.9926927601853668	0.0229595144873255	0
chr17:29390688	0.9929866314113932	0.020560834725216907	0
chr17:31302438	0.9928873783517533	0.020799966769475303	0
chr17:35082635	0.9932188720019801	0.01926145408823244	0
chr17:35586502	0.992917953033325	0.02048525310449239	0
chr17:40540582	0.9931943962144266	0.01927544602882284	0
chr17:40611658	0.9931650792999764	0.01933302129955262	0
chr17:47181532	0.9932188720019801	0.01926145408823244	0
chr17:49688772	0.9930429495373089	0.01985198014253512	0
chr17:49744230	0.9932188720019801	0.01926145408823244	0
chr17:50964102	0.9926364175577997	0.023688723409218935	0
chr17:51353429	0.9931673073636601	0.019333296815394377	0
chr17:53228973	0.9927932464260206	0.020708374150742042	0
chr17:53629336	0.9931499389572792	0.01938006179305188	0
chr17:54220707	0.993027165223102	0.01964897884395228	0
chr17:54469188	0.9931048169806016	0.019476750080546498	0
chr17:58300872	0.9931699204268732	0.01928939673238577	0
chr17:58755074	0.9932211000656638	0.019261724399159925	0
chr17:5963908	0.9930114081483473	0.019607179160859793	0
chr17:64038310	0.9931943962144266	0.01927544602882284	0
chr17:65656146	0.9932188720019801	0.01926145408823244	0
chr17:66339870	0.9927354179412805	0.02157711250113773	0
chr17:67235670	0.9932188720019801	0.01926145408823244	0
chr17:67286608	0.9929841545967155	0.019998818721692707	0
chr17:67359076	0.9930429495373089	0.01985198014253512	0
chr17:68498334	0.9932188720019801	0.01926145408823244	0
chr17:70004174	0.9929240533890337	0.020101832655142114	0
chr17:70025114	0.992921254593346	0.02096635828464713	0
chr17:70235359	0.9932188720019801	0.01926145408823244	0
chr17:72182540	0.9931943962144266	0.01927544602882284	0
chr17:76501396	0.9929321664633869	0.02137870949047713	0
chr17:78295397	0.9932211000656638	0.019261724399159925	0
chr17:79062900	0.9932188720019801	0.01926145408823244	0
chr17:81056569	0.9932188720019801	0.01926145408823244	0
chr17:81089685	0.9931645304473782	0.019356794506877047	0
chr18:1207284	0.9930694716096183	0.01979682740485668	0
chr18:18593031	0.9929009501707188	0.021015334491982566	0
chr18:18856481	0.993002572722156	0.019917961474253513	0
chr18:21511024	0.9931048169806016	0.019476750080546498	0
chr18:21604149	0.9931292927681551	0.019463015622382833	0
chr18:21699560	0.9929373060814638	0.020630040722825253	0
chr18:23282272	0.9929895894470399	0.02032185323850186	0
chr18:25448036	0.9932211000656638	0.019261724399159925	0
chr18:28011821	0.9931673073636601	0.019333296815394377	0
chr18:28324482	0.9929624226154169	0.01970813491201087	0
chr18:28576875	0.9931673073636601	0.019333296815394377	0
chr18:29310021	0.9931292927681551	0.019463015622382833	0
chr18:31096867	0.9928463238092582	0.022537449252546533	0
chr18:3154545	0.9931943962144266	0.01927544602882284	0
chr18:3308599	0.9932188720019801	0.01926145408823244	0
chr18:38217460	0.9928343626615256	0.02087682599064541	0
chr18:40759837	0.9928970546152744	0.021483513629542338	0
chr18:41694961	0.9929740164926081	0.01996647237417705	0
chr18:43283794	0.9931943962144266	0.01927544602882284	0
chr18:48116262	0.9931943962144266	0.01927544602882284	0
chr18:49305040	0.9932211000656638	0.019261724399159925	0
chr18:50206860	0.9931070450442853	0.01947703046382121	0
chr18:53164995	0.9931499389572792	0.01938006179305188	0
chr18:55759562	0.9932188720019801	0.01926145408823244	0
chr18:58460704	0.9931476617698277	0.019338644331967837	0
chr18:59018241	0.9931292927681551	0.019463015622382833	0
chr18:59334916	0.9932188720019801	0.01926145408823244	0
chr18:60132883	0.9928112694605412	0.020977630402561433	0
chr18:61079350	0.9929539870355414	0.020132878542291333	0
chr18:66158236	0.9930955974026773	0.01947462902686229	0
chr18:66674017	0.9931943962144266	0.01927544602882284	0
chr18:67996314	0.9932211000656638	0.019261724399159925	0
chr18:68991614	0.9929972519324797	0.020050092692274715	0
chr18:69397756	0.9929159786477446	0.020398262900815187	0
chr18:69832303	0.9931966242781103	0.019275718975503103	0
chr18:71018630	0.9929862576565708	0.02060446951495778	0
chr18:71746415	0.9932188720019801	0.01926145408823244	0
chr18:76038868	0.9929283543312547	0.020214541680931165	0
chr19:12125288	0.9932188720019801	0.01926145408823244	0
chr19:14191241	0.9932188720019801	0.01926145408823244	0
chr19:14282749	0.9932188720019801	0.01926145408823244	0
chr19:21582779	0.9930672016232033	0.01958718803563364	0
chr19:23300948	0.9931292927681551	0.019463015622382833	0
chr19:28746331	0.9930674253248624	0.019838581868092182	0
chr19:31329191	0.9930472238857485	0.019810538847682357	0
chr19:37733647	0.9929575197890045	0.02092851328164616	0
chr19:40074914	0.9927247044806011	0.021146756613259366	0
chr19:40738187	0.9932188720019801	0.01926145408823244	0
chr19:40922819	0.9931650792999764	0.01933302129955262	0
chr19:41971158	0.9930957171120893	0.019639357243469123	0
chr19:49675195	0.9932211000656638	0.019261724399159925	0
chr19:50387773	0.9932188720019801	0.01926145408823244	0
chr19:50788919	0.9931499389572792	0.01938006179305188	0
chr19:54311168	0.9932188720019801	0.01926145408823244	0
chr19:56482381	0.9932211000656638	0.019261724399159925	0
chr19:57500675	0.9931943962144266	0.01927544602882284	0
chr1:101396483	0.9931499389572792	0.01938006179305188	0
chr1:101991918	0.9930358839359008	0.019593652930213385	0
chr1:103464701	0.9932188720019801	0.01926145408823244	0
chr1:106318707	0.9930957171120893	0.019639357243469123	0
chr1:111333142	0.9929886079827069	0.0199440180662927	0
chr1:113110151	0.9931135146616565	0.019404455972080358	0
chr1:113774135	0.9929918175107235	0.020322134607818804	0
chr1:116565231	0.992528791168434	0.02481376914366528	0
chr1:146940748	0.9928990287488819	0.020137723930691437	0
chr1:149871206	0.9923633271296173	0.024193458880546602	0
chr1:15131025	0.9931966242781103	0.019275718975503103	0
chr1:152064279	0.9922000564013592	0.025357502937990148	0
chr1:154010253	0.9932188720019801	0.01926145408823244	0
chr1:154235651	0.9932188720019801	0.01926145408823244	0
chr1:156498814	0.9931498555263306	0.019408570156887076	0
chr1:156582651	0.9928087594057741	0.021406299215614575	0
chr1:156769166	0.9931076617763428	0.019565592114483957	0
chr1:158361596	0.993085414052473	0.019579508929433297	0
chr1:158361701	0.9931254631697258	0.01939388108039797	0
chr1:158650115	0.9930036494615384	0.019961782763859678	0
chr1:158850149	0.9929446995781578	0.02002173762154843	0
chr1:158990784	0.9931963083410211	0.01928251476125598	0
chr1:159052357	0.9930602762925056	0.01960830389900024	0
chr1:160317566	0.9926635912573274	0.02293276622771628	0
chr1:160370835	0.9930603597234542	0.019580086729265967	0
chr1:160776298	0.9930528752031351	0.019948180893324237	0
chr1:161026245	0.9932188720019801	0.01926145408823244	0
chr1:162716528	0.9932188720019801	0.01926145408823244	0
chr1:163934771	0.9928823612275683	0.021916637728128487	0
chr1:164040778	0.9932188720019801	0.01926145408823244	0
chr1:164555908	0.9931254631697258	0.01939388108039797	0
chr1:164758166	0.9931699204268732	0.01928939673238577	0
chr1:167458118	0.9932188720019801	0.01926145408823244	0
chr1:169683564	0.9929004885911968	0.02036982628020078	0
chr1:170055164	0.992867950830076	0.020591840389261977	0
chr1:172010378	0.9930026831976525	0.019939761832159578	0
chr1:172067996	0.9928248049161855	0.020503507075185234	0
chr1:172849510	0.9932188720019801	0.01926145408823244	0
chr1:173639405	0.9930429495373089	0.01985198014253512	0
chr1:17428851	0.9932188720019801	0.01926145408823244	0
chr1:174525783	0.9930625877871379	0.019580370696685997	0
chr1:176429355	0.9931406035124231	0.019346893360758535	0
chr1:178317099	0.9930694716096183	0.01979682740485668	0
chr1:178641951	0.9930715057668569	0.019803089277284365	0
chr1:17911716	0.9924918625759582	0.02574190229021595	0
chr1:179725134	0.9929888594750769	0.020561113145045554	0
chr1:180532485	0.9929862576565708	0.02060446951495778	0
chr1:181377725	0.9932188720019801	0.01926145408823244	0
chr1:183413332	0.9930174486225323	0.019722670317785775	0
chr1:184350583	0.9926660566630219	0.021414454378141674	0
chr1:184726515	0.9931943962144266	0.01927544602882284	0
chr1:185194914	0.9928571966766137	0.020934817082452376	0
chr1:185833731	0.9929895894470399	0.02032185323850186	0
chr1:186754810	0.9929984922801615	0.019953235621949523	0
chr1:187740583	0.9929973353634283	0.02002249839619759	0
chr1:188624088	0.9930809224816297	0.019526040368903933	0
chr1:188746590	0.9928436071479186	0.022545207736019007	0
chr1:188865583	0.9927735707539124	0.021689632456832465	0
chr1:189404349	0.9931650792999764	0.01933302129955262	0
chr1:189601332	0.9932188720019801	0.01926145408823244	0
chr1:189666394	0.9929321664633869	0.02137870949047713	0
chr1:190015149	0.993071699673302	0.019797107236851266	0
chr1:190017280	0.9929109593310924	0.020105798840781303	0
chr1:190746313	0.9928673671769725	0.02047748401986488	0
chr1:190842261	0.9931253797387771	0.01942236905489986	0
chr1:190891032	0.9932188720019801	0.01926145408823244	0
chr1:191015578	0.9931966242781103	0.019275718975503103	0
chr1:191551582	0.9928229946967397	0.02078546612991065	0
chr1:192539713	0.9931400546598247	0.01937064884899269	0
chr1:193543370	0.9930674253248624	0.019838581868092182	0
chr1:193904870	0.9929745570123595	0.020562344069401755	0
chr1:194059933	0.9930694716096183	0.01979682740485668	0
chr1:194739750	0.9930753979989192	0.01950180998762417	0
chr1:195403238	0.9931292927681551	0.019463015622382833	0
chr1:195548291	0.9930957171120893	0.019639357243469123	0
chr1:195639259	0.9925901098384788	0.02364082282955051	0
chr1:196025881	0.9930207018134392	0.01986562378644773	0
chr1:198338140	0.9927121823653969	0.021394325186252693	0
chr1:198502764	0.9925712587176222	0.02654716928015451	0
chr1:198635251	0.9931650792999764	0.01933302129955262	0
chr1:198784845	0.9932188720019801	0.01926145408823244	0
chr1:198972107	0.993089252278676	0.019736855294359503	0
chr1:199178568	0.9928330738610556	0.022768021468669363	0
chr1:199529377	0.9931336779293612	0.01947120398539885	0
chr1:200413936	0.9930151175638288	0.020263190617875144	0
chr1:20312009	0.9931943962144266	0.01927544602882284	0
chr1:203313843	0.9931089571708798	0.01948403464336869	0
chr1:204646279	0.9931943962144266	0.01927544602882284	0
chr1:205354728	0.9928427485850707	0.02084706404527349	0
chr1:205791560	0.9932211000656638	0.019261724399159925	0
chr1:208147138	0.9932188720019801	0.01926145408823244	0
chr1:208741178	0.9932188720019801	0.01926145408823244	0
chr1:210319945	0.9932188720019801	0.01926145408823244	0
chr1:210480170	0.9928810955993997	0.02023707077397103	0
chr1:211795145	0.9931695354273438	0.019333572070283314	0
chr1:211862350	0.9931476617698277	0.019338644331967837	0
chr1:212051665	0.9930429495373089	0.01985198014253512	0
chr1:212814288	0.993027165223102	0.01964897884395228	0
chr1:212911091	0.9932188720019801	0.01926145408823244	0
chr1:213593769	0.9930726458462136	0.019875727391024126	0
chr1:213781188	0.9932188720019801	0.01926145408823244	0
chr1:214341740	0.9931315208318388	0.019463293398838285	0
chr1:214416174	0.9926117416233367	0.024245803580296897	0
chr1:214490666	0.9932188720019801	0.01926145408823244	0
chr1:215641745	0.9931673073636601	0.019333296815394377	0
chr1:215937461	0.9928015868031919	0.02178667682904215	0
chr1:216883451	0.9932188720019801	0.01926145408823244	0
chr1:218118829	0.9932188720019801	0.01926145408823244	0
chr1:218380511	0.9931673073636601	0.019333296815394377	0
chr1:218882612	0.9931943962144266	0.01927544602882284	0
chr1:218926168	0.9930470299793034	0.019816516593758958	0
chr1:218926760	0.9924980457935589	0.02333841360844869	0
chr1:220599946	0.9930810059125783	0.01949770405892919	0
chr1:221658392	0.9931943962144266	0.01927544602882284	0
chr1:222094641	0.9929451321898924	0.02042066272227418	0
chr1:222967658	0.9931406035124231	0.019346893360758535	0
chr1:224375502	0.9930135661731608	0.020417367392694674	0
chr1:226387612	0.9931943962144266	0.01927544602882284	0
chr1:226616950	0.9927932489831574	0.0230313010210575	0
chr1:227836875	0.9930711216151239	0.01948831293941447	0
chr1:227857652	0.9932211000656638	0.019261724399159925	0
chr1:227961078	0.9929133298140048	0.020312442177220995	0
chr1:228076954	0.9931963083410211	0.01928251476125598	0
chr1:229495190	0.9931650792999764	0.01933302129955262	0
chr1:229672197	0.9927003375855474	0.022939523331723832	0
chr1:230671701	0.9930267006364398	0.019783233265291526	0
chr1:232199383	0.9930694716096183	0.01979682740485668	0
chr1:232567563	0.9931315208318388	0.019463293398838285	0
chr1:234145642	0.9930217620272138	0.019969426127820874	0
chr1:234472791	0.9931389884771803	0.01933823406094698	0
chr1:234917361	0.9920844576131784	0.02844164766500175	0
chr1:236068462	0.9932211000656638	0.019261724399159925	0
chr1:236478444	0.9931645304473782	0.019356794506877047	0
chr1:236588862	0.9929273210679566	0.020138272566776378	0
chr1:236878754	0.9930715057668569	0.019803089277284365	0
chr1:237192464	0.9931406035124231	0.019346893360758535	0
chr1:237328167	0.9927861400039881	0.021125622096095097	0
chr1:237460984	0.9932211000656638	0.019261724399159925	0
chr1:237496827	0.9932211000656638	0.019261724399159925	0
chr1:237662909	0.9931650792999764	0.01933302129955262	0
chr1:237798012	0.9929461010881793	0.020402395030452658	0
chr1:237846174	0.992993932184675	0.020132913049223187	0
chr1:238999339	0.9930070565407954	0.01994147705673156	0
chr1:239237780	0.9931499389572792	0.01938006179305188	0
chr1:239507177	0.9932188720019801	0.01926145408823244	0
chr1:240339173	0.9931406035124231	0.019346893360758535	0
chr1:241507988	0.9925697452063255	0.02170358884813954	0
chr1:243883608	0.9929284023187275	0.020135864783320724	0
chr1:24390539	0.9925443555021655	0.023816921687740137	0
chr1:244318673	0.9932188720019801	0.01926145408823244	0
chr1:245092900	0.9932188720019801	0.01926145408823244	0
chr1:245489181	0.9932188720019801	0.01926145408823244	0
chr1:245727706	0.9931499389572792	0.01938006179305188	0
chr1:245764139	0.9931009873821723	0.019407659629410448	0
chr1:248082783	0.992748323584714	0.02205245878094946	0
chr1:248221955	0.9930734693882196	0.019653208288948815	0
chr1:248322279	0.9931650792999764	0.01933302129955262	0
chr1:248566917	0.9927910209194737	0.023031033520428037	0
chr1:248863471	0.9930810059125783	0.01949770405892919	0
chr1:2555114	0.9931254631697258	0.01939388108039797	0
chr1:31803680	0.9929295112479879	0.0201459431375098	0
chr1:33265381	0.9927119392754693	0.022718029798050814	0
chr1:3652695	0.9931243495740262	0.019474409962663444	0
chr1:38200713	0.9928066989757359	0.02080509207441116	0
chr1:46539269	0.9932188720019801	0.01926145408823244	0
chr1:47666311	0.9928454418221836	0.021497695468700437	1
chr1:48235670	0.9931966242781103	0.019275718975503103	0
chr1:50509615	0.9931499389572792	0.01938006179305188	0
chr1:53603412	0.9929295112479879	0.0201459431375098	0
chr1:67220857	0.9930861139701874	0.019465555863318034	0
chr1:69525769	0.9926040109068955	0.024876418523885113	0
chr1:70384370	0.9928089255141556	0.021920428614446506	0
chr1:73030182	0.9932188720019801	0.01926145408823244	0
chr1:79790140	0.9931943962144266	0.01927544602882284	0
chr1:83175935	0.9930124757061255	0.01997708650076779	0
chr1:83323301	0.9930062046842023	0.02035250133653524	0
chr1:84171076	0.9923998942955384	0.02441180855552058	0
chr1:86835645	0.992528791168434	0.024813769143665287	0
chr1:87475133	0.9931943962144266	0.01927544602882284	0
chr1:9210091	0.9924894735293635	0.02425410979914042	0
chr1:93407174	0.9931699204268732	0.01928939673238577	0
chr1:9695209	0.9928998839880744	0.02098544812974999	0
chr20:10889435	0.9930468699266224	0.019638362840779397	0
chr20:12263229	0.9930847973204155	0.019491009808288183	0
chr20:12824510	0.9929539870355414	0.020132878542291333	0
chr20:13465517	0.9932211000656638	0.019261724399159925	0
chr20:15184404	0.9931943962144266	0.01927544602882284	0
chr20:16906816	0.9929563627611515	0.020083320099125706	0
chr20:17220287	0.9931521670209629	0.019380338382508248	0
chr20:18987350	0.9931650792999764	0.01933302129955262	0
chr20:19540788	0.9932211000656638	0.019261724399159925	0
chr20:22107955	0.9932188720019801	0.01926145408823244	0
chr20:25435366	0.9929188535966487	0.021405226857304685	0
chr20:255837	0.9930151175638288	0.020263190617875144	0
chr20:30540488	0.9927952465390372	0.021073125073338007	0
chr20:42101987	0.9932188720019801	0.01926145408823244	0
chr20:47896474	0.9932211000656638	0.019261724399159925	0
chr20:57581914	0.9932211000656638	0.019261724399159925	0
chr20:61368174	0.9931943962144266	0.01927544602882284	0
chr20:61772432	0.9931499389572792	0.01938006179305188	0
chr20:62867930	0.9927665215581839	0.02394240074677097	0
chr20:6509354	0.9931499389572792	0.01938006179305188	0
chr21:16341969	0.9932211000656638	0.019261724399159925	0
chr21:17450980	0.9927872221115596	0.021905373932601484	0
chr21:20791048	0.9932188720019801	0.01926145408823244	0
chr21:22438455	0.9929888594750769	0.020561113145045554	0
chr21:25328399	0.9929300997552121	0.020659971022693985	0
chr21:25348954	0.9931966242781103	0.019275718975503103	0
chr21:27995390	0.9930715057668569	0.019803089277284365	0
chr21:32461011	0.9931943962144266	0.01927544602882284	0
chr21:37670266	0.9931498555263306	0.019408570156887076	0
chr21:39843329	0.9927463594196831	0.02094770661036887	0
chr21:41080624	0.9931943962144266	0.01927544602882284	0
chr21:45229606	0.9932188720019801	0.01926145408823244	0
chr21:45364391	0.9931550961386562	0.019388821284167804	0
chr22:19062382	0.9930037128015128	0.01999018611778459	0
chr22:23277389	0.9929081067915594	0.021281576365965494	0
chr22:26267461	0.9931943962144266	0.01927544602882284	0
chr22:27237050	0.993075381514814	0.019660152971798496	0
chr22:28557184	0.9931943962144266	0.01927544602882284	0
chr22:34152105	0.9931253797387771	0.01942236905489986	0
chr22:34422416	0.9930236833379309	0.019936454277412422	0
chr22:36385492	0.9931943962144266	0.01927544602882284	0
chr22:39540759	0.9932211000656638	0.019261724399159925	0
chr22:40052084	0.9929188535966487	0.021405226857304685	0
chr22:40806355	0.993071699673302	0.019797107236851266	0
chr22:41342114	0.9922911931758401	0.02484103044732908	2
chr22:43795538	0.9926258037463075	0.02320720148470645	0
chr22:46550181	0.9931360467050401	0.01934804563808943	0
chr22:48258478	0.9929518631296004	0.020442188096195385	0
chr22:49099386	0.9931721484905569	0.019289672311583596	0
chr2:100488731	0.9931852129419426	0.019292856365813457	0
chr2:100998758	0.992835744509391	0.022734408060503395	0
chr2:101277885	0.9932188720019801	0.01926145408823244	0
chr2:10163275	0.9929076906758335	0.021390988213702333	0
chr2:104090822	0.9931254631697258	0.01939388108039797	0
chr2:109169437	0.9927048766257455	0.024143439646872294	0
chr2:114446114	0.9925315475324528	0.02396626499734666	0
chr2:116477230	0.9930803411930482	0.01949044409333301	0
chr2:118688051	0.9931699204268732	0.01928939673238577	0
chr2:123981402	0.9929594811727791	0.02037872081186948	0
chr2:124377971	0.9927323519866202	0.021686785872499295	0
chr2:126719757	0.9932188720019801	0.01926145408823244	0
chr2:127650797	0.9926662780935931	0.02350245450241043	0
chr2:128145816	0.9931943962144266	0.01927544602882284	0
chr2:128802365	0.9929888594750769	0.020561113145045554	0
chr2:130003149	0.9930715057668569	0.019803089277284365	0
chr2:130005198	0.9927338795385984	0.020740233023912542	0
chr2:133583804	0.9930674253248624	0.019838581868092182	0
chr2:133766064	0.9929740164926081	0.01996647237417705	0
chr2:134407784	0.9931406035124231	0.019346893360758535	0
chr2:134544877	0.9929770089502756	0.020003117557731927	0
chr2:135002412	0.9925260495739917	0.023853856545760027	0
chr2:136669700	0.9930810059125783	0.01949770405892919	0
chr2:137375228	0.9931406035124231	0.019346893360758535	0
chr2:139816035	0.9931499389572792	0.01938006179305188	0
chr2:139848676	0.9930674253248624	0.019838581868092182	0
chr2:140269070	0.9930397928527527	0.0200597802219741	0
chr2:141011229	0.9925825455373735	0.02341064736309231	0
chr2:141558312	0.993105433712659	0.01956531307065619	0
chr2:141842581	0.9930674253248624	0.019838581868092182	0
chr2:142357682	0.9931943962144266	0.01927544602882284	0
chr2:142366496	0.9932211000656638	0.019261724399159925	0
chr2:145821156	0.9932188720019801	0.01926145408823244	0
chr2:148523714	0.9931254631697258	0.01939388108039797	0
chr2:149360101	0.9931714868173922	0.019285925482662076	0
chr2:150931947	0.9932188720019801	0.01926145408823244	0
chr2:151674341	0.9931098898400265	0.019565870900357277	0
chr2:151751363	0.9932188720019801	0.01926145408823244	0
chr2:151876669	0.9932188720019801	0.01926145408823244	0
chr2:152236066	0.9931634642647338	0.01932435783124532	0
chr2:152943044	0.992952691234404	0.020974854451144317	0
chr2:152962885	0.9925828823616177	0.024150812934837666	0
chr2:153046324	0.9931943962144266	0.01927544602882284	0
chr2:154304848	0.9929099187395172	0.02139126405910908	0
chr2:155170060	0.9930625877871379	0.019580370696685997	0
chr2:155429298	0.9931276912334095	0.019394160287442914	0
chr2:155622100	0.9932188720019801	0.01926145408823244	0
chr2:158329155	0.9931315208318388	0.019463293398838285	0
chr2:158787567	0.9930955974026773	0.01947462902686229	0
chr2:160883434	0.9924670130335822	0.025786526841004777	0
chr2:161493388	0.993089252278676	0.019736855294359503	0
chr2:1616638	0.9930716704677222	0.019464702999276558	0
chr2:161700868	0.9932188720019801	0.01926145408823244	0
chr2:161932261	0.9928803042493346	0.021263696456539666	0
chr2:163177780	0.9932188720019801	0.01926145408823244	0
chr2:163668509	0.9931254631697258	0.01939388108039797	0
chr2:167515340	0.9928882668572123	0.020226459710300227	0
chr2:167830351	0.9932188720019801	0.01926145408823244	0
chr2:170243072	0.9931521670209629	0.019380338382508248	0
chr2:173717518	0.992954703595117	0.019925182483773698	0
chr2:174957086	0.9932188720019801	0.01926145408823244	0
chr2:176100798	0.9931499389572792	0.01938006179305188	0
chr2:176770867	0.9927827350326758	0.02092507771514348	0
chr2:176963373	0.9929188535966487	0.021405226857304685	0
chr2:178548053	0.9932188720019801	0.01926145408823244	0
chr2:178784884	0.9932188720019801	0.01926145408823244	0
chr2:179772066	0.9931943962144266	0.01927544602882284	0
chr2:179941050	0.9932188720019801	0.01926145408823244	0
chr2:180099465	0.9932188720019801	0.01926145408823244	0
chr2:180293191	0.9929159786477446	0.020398262900815187	0
chr2:180999990	0.9931943962144266	0.01927544602882284	0
chr2:181343585	0.9931243495740262	0.019474409962663444	0
chr2:183601319	0.9931943962144266	0.01927544602882284	0
chr2:184013188	0.9930522513965889	0.01944537478121281	0
chr2:185987671	0.992604804926565	0.022003017614338885	0
chr2:186202235	0.9930913751712426	0.019453941313396634	0
chr2:186254299	0.9927656629532495	0.02145016846759862	3
chr2:18781730	0.9931943962144266	0.01927544602882284	0
chr2:18793709	0.9928032695904914	0.020913310809971126	0
chr2:188125238	0.9932211000656638	0.019261724399159925	0
chr2:188493627	0.9932211000656638	0.019261724399159925	0
chr2:189661644	0.9929862576565708	0.02060446951495778	0
chr2:189949359	0.9927952342844278	0.02089428346275109	0
chr2:190670852	0.9931406035124231	0.019346893360758535	0
chr2:191938573	0.9931943962144266	0.01927544602882284	0
chr2:192672554	0.9932188720019801	0.01926145408823244	0
chr2:193979323	0.9932188720019801	0.01926145408823244	0
chr2:19608840	0.9930173289131202	0.019558643319608476	0
chr2:19772967	0.992687609445195	0.02132597525087774	0
chr2:198122572	0.9931871715455882	0.01927930405584598	0
chr2:198269812	0.9932188720019801	0.01926145408823244	0
chr2:199287742	0.9927807197862691	0.021898127963178075	0
chr2:199609533	0.9931276912334095	0.019394160287442914	0
chr2:202005799	0.9930957171120893	0.019639357243469123	0
chr2:203656113	0.9932188720019801	0.01926145408823244	0
chr2:210050827	0.9931943962144266	0.01927544602882284	0
chr2:210328420	0.9932188720019801	0.01926145408823244	0
chr2:212325987	0.9931943962144266	0.01927544602882284	0
chr2:212384962	0.9931943962144266	0.01927544602882284	0
chr2:213095082	0.9932188720019801	0.01926145408823244	0
chr2:213279600	0.9932188720019801	0.01926145408823244	0
chr2:214766410	0.9930809579251056	0.01957894591208337	0
chr2:215577733	0.9926658119155602	0.023169119875632464	0
chr2:216491377	0.9931650792999764	0.01933302129955262	0
chr2:218739926	0.9932211000656638	0.019261724399159925	0
chr2:2195278	0.9927349553518441	0.022096923984622558	0
chr2:221730809	0.9932188720019801	0.01926145408823244	0
chr2:222458033	0.9923482105688682	0.02398707368700216	0
chr2:222896713	0.9931673073636601	0.019333296815394377	0
chr2:223100349	0.9929218085059185	0.021519160670524184	0
chr2:22567245	0.9930749512135532	0.01955712431852744	0
chr2:226403969	0.992956086957124	0.02094627747545031	0
chr2:227336968	0.9932211000656638	0.019261724399159925	0
chr2:227366903	0.993105433712659	0.01956531307065619	0
chr2:228871928	0.9931406035124231	0.019346893360758535	0
chr2:229959861	0.9932188720019801	0.01926145408823244	0
chr2:230862825	0.9930449958220648	0.01981025644986546	0
chr2:231015181	0.9931390855015827	0.019342621793889524	0
chr2:232849453	0.9932188720019801	0.01926145408823244	0
chr2:234259740	0.9931521670209629	0.019380338382508248	0
chr2:234497724	0.9928154967070272	0.023019753791554038	0
chr2:239007667	0.9931943962144266	0.01927544602882284	0
chr2:239796503	0.9927977504843042	0.020542735883809553	13
chr2:241745004	0.9931645304473782	0.019356794506877047	0
chr2:241860729	0.9931276912334095	0.019394160287442914	0
chr2:24193257	0.9932188720019801	0.01926145408823244	0
chr2:242934489	0.9928390561223127	0.020792947417857657	0
chr2:25330010	0.9932188720019801	0.01926145408823244	0
chr2:31417941	0.9931254631697258	0.01939388108039797	0
chr2:32492216	0.9925659284226238	0.025334367509917896	0
chr2:32855652	0.9929895894470399	0.02032185323850186	0
chr2:34968057	0.9928674002593839	0.020360648507578415	0
chr2:37127277	0.9926837988401918	0.022277791558650346	0
chr2:46105077	0.9932188720019801	0.01926145408823244	0
chr2:47567369	0.9927375817161028	0.021395238044526987	0
chr2:47818865	0.9931966242781103	0.019275718975503103	0
chr2:54005912	0.9932188720019801	0.01926145408823244	0
chr2:58381215	0.9925962598042295	0.02262942127564957	0
chr2:59402954	0.992961886205611	0.01993490911353333	0
chr2:60052461	0.9930674253248624	0.019838581868092182	0
chr2:61302931	0.9931650792999764	0.01933302129955262	0
chr2:65180118	0.9925605550904549	0.02428493940940018	0
chr2:68305201	0.9930674253248624	0.019838581868092182	0
chr2:78068488	0.9931650792999764	0.01933302129955262	0
chr2:7969625	0.9930151175638288	0.020263190617875144	0
chr2:79700574	0.9928683126724913	0.020390173335786556	0
chr2:83542599	0.9929760627773639	0.019924995520558438	0
chr2:83875927	0.9932188720019801	0.01926145408823244	0
chr2:84240325	0.9928181487617451	0.02198285512022181	0
chr2:84425204	0.9929717163432152	0.019925438508078153	0
chr2:97651724	0.9931499389572792	0.01938006179305188	0
chr2:99040006	0.9930205200345114	0.019823646147808148	0
chr3:101315227	0.9930184737497555	0.019865339194047205	0
chr3:103050480	0.9932188720019801	0.01926145408823244	0
chr3:103549503	0.9931292927681551	0.019463015622382833	0
chr3:103829054	0.9932188720019801	0.01926145408823244	0
chr3:104627522	0.9929915015736344	0.020328577396663414	0
chr3:104641897	0.993105433712659	0.01956531307065619	0
chr3:107998606	0.9931650792999764	0.01933302129955262	0
chr3:110590828	0.9932188720019801	0.01926145408823244	0
chr3:111366432	0.9931499389572792	0.01938006179305188	0
chr3:111876463	0.9930196711002164	0.01975562650483492	0
chr3:118863202	0.9929895894470399	0.02032185323850186	0
chr3:120569621	0.9929932372772997	0.01988562100330218	0
chr3:121279884	0.9931645304473782	0.019356794506877047	0
chr3:121563889	0.9929342865973576	0.020355576976696557	0
chr3:122006740	0.9931943962144266	0.01927544602882284	0
chr3:123913126	0.9929001943335377	0.020200652739258602	0
chr3:126721776	0.9932188720019801	0.01926145408823244	0
chr3:127660008	0.9932188720019801	0.01926145408823244	0
chr3:128110446	0.9931254631697258	0.01939388108039797	0
chr3:129554179	0.992865378051421	0.021510708657766196	0
chr3:132635792	0.9931520835900143	0.019408846349666546	0
chr3:137712944	0.99223529293312	0.028666895303726306	9
chr3:138081475	0.9927351271029422	0.020780972175818646	7
chr3:145405592	0.9932188720019801	0.01926145408823244	0
chr3:145842487	0.9929762445562917	0.019966760490986425	0
chr3:14633665	0.9932188720019801	0.01926145408823244	0
chr3:147820170	0.9930674253248624	0.019838581868092182	0
chr3:150754251	0.9926918716553589	0.021762827001550782	0
chr3:151272078	0.9931476727030034	0.01930358449683116	0
chr3:154706851	0.9931328484147864	0.01940291933299487	0
chr3:157450559	0.9927765869908051	0.02147747942678642	0
chr3:160480266	0.9931428315761067	0.019347171500561953	0
chr3:160846075	0.9931943962144266	0.01927544602882284	0
chr3:161553626	0.9931161277248696	0.01936072450939026	0
chr3:16160192	0.9931315208318388	0.019463293398838285	0
chr3:164251587	0.9926893870584321	0.02267458071205994	0
chr3:167860259	0.9932211000656638	0.019261724399159925	0
chr3:171121565	0.9925046767629503	0.027806243475150465	0
chr3:171875388	0.9929615134560797	0.0200530253338454	0
chr3:172084344	0.9924706660140564	0.023988652303934974	0
chr3:176181274	0.9925159150355847	0.02300249935924063	0
chr3:181141257	0.9931966242781103	0.019275718975503103	0
chr3:18837308	0.9928585740067581	0.020721857205810008	0
chr3:18924053	0.9931499389572792	0.01938006179305188	0
chr3:193348980	0.9929862576565708	0.02060446951495778	0
chr3:193692205	0.9930771798090844	0.019757775763112124	0
chr3:20828797	0.9932188720019801	0.01926145408823244	0
chr3:26808441	0.9932188720019801	0.01926145408823244	0
chr3:27361220	0.9925367727425716	0.024024040846548567	0
chr3:29674716	0.9932188720019801	0.01926145408823244	0
chr3:31340625	0.9932188720019801	0.01926145408823244	0
chr3:35076212	0.9929558100491388	0.02028334961589494	0
chr3:35349429	0.9929594811727791	0.02037872081186948	0
chr3:36088086	0.9925755328531094	0.02571050252736432	0
chr3:3927465	0.9929667467754744	0.020831566052367956	0
chr3:40566463	0.9929201140557514	0.02117160826845728	0
chr3:45035306	0.9930140652345933	0.02030882932814486	0
chr3:48624666	0.9929862576565708	0.02060446951495778	0
chr3:50259654	0.9932188720019801	0.01926145408823244	0
chr3:52937485	0.992962601780221	0.020258043664923186	0
chr3:59113013	0.9932188720019801	0.01926145408823244	0
chr3:60455231	0.992905628826177	0.021281102892210194	0
chr3:67713501	0.9929539870355414	0.020132878542291333	0
chr3:68279688	0.9931276912334095	0.019394160287442914	0
chr3:68598324	0.9932188720019801	0.01926145408823244	0
chr3:72634049	0.9929778460910373	0.020033660023727577	0
chr3:74748918	0.9911746867844209	0.03574386598856821	8
chr3:76698359	0.993105433712659	0.01956531307065619	0
chr3:77700102	0.9931943962144266	0.01927544602882284	0
chr3:79796095	0.9931699204268732	0.01928939673238577	0
chr3:81297340	0.9930449958220648	0.01981025644986546	0
chr3:82149562	0.9931380604920736	0.019350138323976637	0
chr3:82242015	0.9931158183943559	0.019450011672995086	0
chr3:82362857	0.9932211000656638	0.019261724399159925	0
chr3:83161507	0.9932188720019801	0.01926145408823244	0
chr3:83970123	0.9928356293653927	0.021908833961951285	0
chr3:85013963	0.9929642474369729	0.020602061132389313	0
chr3:87821137	0.9928559283577938	0.021702923595538746	0
chr3:88801024	0.9932211000656638	0.019261724399159925	0
chr3:88931334	0.9924646706120587	0.03003700876062183	0
chr3:89318017	0.9929540249191937	0.020125493965143015	0
chr3:95809155	0.9916270448167275	0.03096000083898007	0
chr3:960989	0.9930516410106555	0.01963546174674668	0
chr3:99138199	0.9931699204268732	0.01928939673238577	0
chr4:100541003	0.9932188720019801	0.01926145408823244	0
chr4:101920878	0.9926989328919104	0.021961588497497558	0
chr4:102803700	0.9931645304473782	0.019356794506877047	0
chr4:103152805	0.9931315208318388	0.019463293398838285	0
chr4:119671694	0.9930429495373089	0.01985198014253512	0
chr4:12061552	0.9929373919236983	0.020362713677898273	0
chr4:121273958	0.9928414597081632	0.020798173821673028	0
chr4:12268208	0.9928599614712296	0.02017286021527742	0
chr4:12566177	0.9931943962144266	0.01927544602882284	0
chr4:125804227	0.9932188720019801	0.01926145408823244	0
chr4:12613782	0.9932188720019801	0.01926145408823244	0
chr4:126474235	0.9932188720019801	0.01926145408823244	0
chr4:133946112	0.9930945312200329	0.01944238515730238	0
chr4:135292809	0.9930674253248624	0.019838581868092182	0
chr4:135623956	0.9931406035124231	0.019346893360758535	0
chr4:137552991	0.9932188720019801	0.01926145408823244	0
chr4:1402391	0.9916983468901756	0.03180568416232568	0
chr4:14553979	0.9932188720019801	0.01926145408823244	0
chr4:147731164	0.9927658779347521	0.021250165471960566	0
chr4:14959755	0.9932188720019801	0.01926145408823244	0
chr4:150910905	0.9923327585281241	0.02399423218108994	0
chr4:15236442	0.9929321664633869	0.02137870949047713	0
chr4:152919498	0.9932188720019801	0.01926145408823244	0
chr4:156706206	0.9930429495373089	0.01985198014253512	0
chr4:160749361	0.9928154967070272	0.023019753791554038	0
chr4:161343716	0.9931943962144266	0.01927544602882284	0
chr4:163087412	0.9930961462552755	0.01945100178564881	0
chr4:16390016	0.9931292927681551	0.019463015622382833	0
chr4:166092800	0.9932188720019801	0.01926145408823244	0
chr4:167034120	0.9931650792999764	0.01933302129955262	0
chr4:170231215	0.9931292927681551	0.019463015622382833	0
chr4:171715699	0.9930861630939553	0.019506428965051753	0
chr4:171946827	0.9929123027409009	0.020365879011391114	0
chr4:172779734	0.9930429495373089	0.01985198014253512	0
chr4:172915344	0.9931943962144266	0.01927544602882284	0
chr4:174442806	0.9931406035124231	0.019346893360758535	0
chr4:177021201	0.9931499389572792	0.01938006179305188	0
chr4:17746760	0.9931943962144266	0.01927544602882284	0
chr4:180165725	0.9930810532795213	0.019578416760730674	0
chr4:185367013	0.9932188720019801	0.01926145408823244	0
chr4:185605109	0.9932188720019801	0.01926145408823244	0
chr4:186527339	0.9929321664633869	0.02137870949047713	0
chr4:186757578	0.9928154967070272	0.023019753791554038	0
chr4:187412763	0.9920095448262752	0.02687948334593218	0
chr4:21980064	0.9930587581887086	0.01951163887132875	0
chr4:25020888	0.9931943962144266	0.01927544602882284	0
chr4:30353241	0.993105433712659	0.01956531307065619	0
chr4:30431699	0.9932211000656638	0.019261724399159925	0
chr4:31378890	0.9932188720019801	0.01926145408823244	0
chr4:32517509	0.9929839569603325	0.020365769489106754	0
chr4:32683276	0.9930449958220648	0.01981025644986546	0
chr4:34096281	0.9932188720019801	0.01926145408823244	0
chr4:34206463	0.9928682551638519	0.020601655664199362	0
chr4:35129841	0.9932211000656638	0.019261724399159925	0
chr4:37302933	0.9928330738610556	0.022768021468669363	0
chr4:3856758	0.9931276912334095	0.019394160287442914	0
chr4:41350455	0.9930173456275124	0.02026346999200865	0
chr4:4824092	0.9929034007624932	0.021280825169281616	0
chr4:53578585	0.9931943962144266	0.01927544602882284	0
chr4:59288246	0.9930955974026773	0.01947462902686229	0
chr4:61056690	0.9932188720019801	0.01926145408823244	0
chr4:62765641	0.9932188720019801	0.01926145408823244	0
chr4:63294168	0.9930062046842023	0.02035250133653524	0
chr4:65928443	0.9931406035124231	0.019346893360758535	0
chr4:66307505	0.9932188720019801	0.01926145408823244	0
chr4:66499035	0.9930489936006661	0.019666740382025788	0
chr4:76720270	0.9932188720019801	0.01926145408823244	0
chr4:80129423	0.9931406035124231	0.019346893360758535	0
chr4:8138246	0.9931943962144266	0.01927544602882284	0
chr4:8379248	0.992579945494454	0.02503566843834152	0
chr4:88246460	0.9928470433569292	0.02155985480694414	0
chr4:88341311	0.9929463840204984	0.02018614137680517	0
chr4:88452823	0.9930883911576389	0.0195067110545185	0
chr4:90303339	0.9931650792999764	0.01933302129955262	0
chr4:91512965	0.9931389884771803	0.01933823406094698	0
chr4:92281699	0.9930694716096183	0.01979682740485668	0
chr4:93352202	0.9930330986353558	0.020199185842610937	0
chr4:98070564	0.9930365006679582	0.01968169205413816	0
chr4:98079489	0.992804363372021	0.020830271940322245	0
chr5:101524026	0.9931543950846465	0.019380614711614792	0
chr5:102770098	0.9930809579251056	0.01957894591208337	0
chr5:103014854	0.9930809579251056	0.01957894591208337	0
chr5:106039312	0.9931076617763428	0.019565592114483957	0
chr5:106042554	0.9929524119821986	0.020419684297937644	0
chr5:106575897	0.9931048169806016	0.019476750080546498	0
chr5:107041373	0.9932188720019801	0.01926145408823244	0
chr5:109967797	0.9929895894470399	0.02032185323850186	0
chr5:115948300	0.9929740164926081	0.01996647237417705	0
chr5:116898466	0.9932188720019801	0.01926145408823244	0
chr5:116921558	0.993097645722789	0.019487849131725694	0
chr5:118461977	0.993060670315303	0.01951863536691353	0
chr5:121468809	0.9930151175638288	0.020263190617875144	0
chr5:122834061	0.9931650792999764	0.01933302129955262	0
chr5:12851412	0.9928391950991575	0.02082360761912429	0
chr5:128711802	0.9927856107359307	0.022102307887652113	0
chr5:128903108	0.9930002673062862	0.020183844388617245	0
chr5:131317261	0.9931943962144266	0.01927544602882284	0
chr5:131720684	0.9930674253248624	0.019838581868092182	0
chr5:13442217	0.9932188720019801	0.01926145408823244	0
chr5:13750637	0.9929554165882398	0.020005510279943833	0
chr5:137681224	0.9932188720019801	0.01926145408823244	0
chr5:140410740	0.9929189711054122	0.020434142263127522	0
chr5:140725144	0.9928909103447026	0.020666368612241845	0
chr5:141394959	0.9932188720019801	0.01926145408823244	0
chr5:142979931	0.9930449958220648	0.01981025644986546	0
chr5:146264188	0.9931048169806016	0.019476750080546498	0
chr5:149657371	0.9931645304473782	0.019356794506877047	0
chr5:152481707	0.9929808385487049	0.020070181961387545	0
chr5:152484710	0.9927020406607646	0.021509727580849868	0
chr5:153923012	0.9931943962144266	0.01927544602882284	0
chr5:15407112	0.992753153396205	0.02094434679230258	0
chr5:155302349	0.9931650792999764	0.01933302129955262	0
chr5:157086460	0.9930957171120893	0.019639357243469123	0
chr5:158937578	0.9925932945850487	0.024850424711745246	0
chr5:161757667	0.9928426817797663	0.020688406039693095	0
chr5:163515440	0.9931943962144266	0.01927544602882284	0
chr5:16360928	0.9932188720019801	0.01926145408823244	0
chr5:168523721	0.9931254631697258	0.01939388108039797	0
chr5:170315633	0.9930140652345933	0.02030882932814486	0
chr5:171568398	0.9930459419949765	0.019888825897168384	0
chr5:171948290	0.9927617040050235	0.02307872879655249	0
chr5:173683723	0.9930429495373089	0.01985198014253512	0
chr5:175032227	0.9931943962144266	0.01927544602882284	0
chr5:177613608	0.9932188720019801	0.01926145408823244	0
chr5:178423395	0.9931673073636601	0.019333296815394377	0
chr5:19481003	0.9931400546598247	0.01937064884899269	0
chr5:21645582	0.9927856427318881	0.021756805139420382	0
chr5:2329431	0.9929331396587902	0.019690292925508803	10
chr5:23471982	0.9931315208318388	0.019463293398838285	0
chr5:23537386	0.9931966242781103	0.019275718975503103	0
chr5:23803345	0.9931943962144266	0.01927544602882284	0
chr5:26256597	0.9932188720019801	0.01926145408823244	0
chr5:27378486	0.9932211000656638	0.019261724399159925	0
chr5:30629923	0.9931699204268732	0.01928939673238577	0
chr5:30723967	0.9931943962144266	0.01927544602882284	0
chr5:31777689	0.9930477248866787	0.020064658487864317	0
chr5:37643667	0.9928345534736314	0.020679282070308936	0
chr5:38938451	0.9922644670770768	0.026744249937396006	0
chr5:40005621	0.9931254631697258	0.01939388108039797	0
chr5:44307374	0.992918523781923	0.021409778945459666	0
chr5:45180197	0.9932188720019801	0.01926145408823244	0
chr5:45628502	0.992938847176699	0.021123678482029562	0
chr5:50943683	0.9930694716096183	0.01979682740485668	0
chr5:51443801	0.9929076906758335	0.021390988213702333	0
chr5:54248635	0.9931943962144266	0.01927544602882284	0
chr5:5674851	0.9923835493277071	0.025076042753309786	0
chr5:58368410	0.9928310610407587	0.0219413479643691	0
chr5:63944220	0.9928266502574847	0.02048771610725693	0
chr5:64180889	0.9926748048366627	0.02114881822715633	0
chr5:64299047	0.9930504754259997	0.01957072470364422	0
chr5:7349368	0.9931499389572792	0.01938006179305188	0
chr5:75470218	0.9930429495373089	0.01985198014253512	0
chr5:76706110	0.992808402642853	0.020465447339090583	0
chr5:77505117	0.993083233976262	0.019497986864533304	0
chr5:77778350	0.9929698906359273	0.02000508154593398	0
chr5:78026573	0.9931292927681551	0.019463015622382833	0
chr5:79910571	0.9932188720019801	0.01926145408823244	0
chr5:85853030	0.9932188720019801	0.01926145408823244	0
chr5:86734886	0.9929200590897391	0.020363776195338176	0
chr5:87600276	0.9928133886814511	0.02029847113647041	0
chr5:88489179	0.9932188720019801	0.01926145408823244	0
chr5:89378651	0.9931645304473782	0.019356794506877047	0
chr5:9010685	0.9932188720019801	0.01926145408823244	0
chr5:9102480	0.9926424397738685	0.024015909205722153	0
chr5:91055103	0.9930960628243269	0.019479406097534457	0
chr5:97067438	0.9932188720019801	0.01926145408823244	0
chr6:103207808	0.992975813989355	0.020032770196698413	0
chr6:106343911	0.9931566231483303	0.01938089078038257	0
chr6:106878083	0.993069653388546	0.019838861341173783	0
chr6:108891884	0.9932188720019801	0.01926145408823244	0
chr6:109283453	0.9932188720019801	0.01926145408823244	0
chr6:110434536	0.9931650792999764	0.01933302129955262	0
chr6:112353284	0.9932188720019801	0.01926145408823244	0
chr6:113039436	0.9932188720019801	0.01926145408823244	0
chr6:117516985	0.9931943962144266	0.01927544602882284	0
chr6:120304079	0.9930711216151239	0.01948831293941447	0
chr6:121160024	0.9926479874796575	0.022653374896089876	0
chr6:121823377	0.9932188720019801	0.01926145408823244	0
chr6:122132390	0.9931943962144266	0.01927544602882284	0
chr6:122262826	0.9930674253248624	0.019838581868092182	0
chr6:122682922	0.9932188720019801	0.01926145408823244	0
chr6:124398700	0.9926983048140056	0.025240480014843372	0
chr6:126055030	0.9930828700517	0.0195859161947372	0
chr6:131277745	0.9927398177069467	0.02395293393310882	0
chr6:131581715	0.9931966242781103	0.019275718975503103	0
chr6:132297036	0.9930715057668569	0.019803089277284365	0
chr6:135858326	0.9931048169806016	0.019476750080546498	0
chr6:137483526	0.9931943962144266	0.01927544602882284	0
chr6:137492851	0.9931328484147864	0.01940291933299487	0
chr6:139321912	0.9932188720019801	0.01926145408823244	0
chr6:140461879	0.9932188720019801	0.01926145408823244	0
chr6:141329156	0.9932188720019801	0.01926145408823244	0
chr6:144509323	0.9928370390431367	0.021143591923881162	0
chr6:145338118	0.9932188720019801	0.01926145408823244	0
chr6:146719926	0.9926829594963417	0.021340943251451874	0
chr6:153183871	0.9932188720019801	0.01926145408823244	0
chr6:153579271	0.9931943962144266	0.01927544602882284	0
chr6:154725577	0.9932188720019801	0.01926145408823244	0
chr6:154948569	0.9930674253248624	0.019838581868092182	0
chr6:156558951	0.9926738290264522	0.02525065403716892	0
chr6:164686839	0.9931943962144266	0.01927544602882284	0
chr6:164836222	0.9930810532795213	0.019578416760730674	0
chr6:16584733	0.9926531548300719	0.023226434607877273	0
chr6:165914084	0.9932188720019801	0.01926145408823244	0
chr6:165929470	0.9932188720019801	0.01926145408823244	0
chr6:168944734	0.9928859263066777	0.020709278450118444	0
chr6:19389382	0.9931292927681551	0.019463015622382833	0
chr6:23232525	0.9931499389572792	0.01938006179305188	0
chr6:28734548	0.9931943962144266	0.01927544602882284	0
chr6:29690959	0.9931943962144266	0.01927544602882284	0
chr6:32324449	0.9926862373237832	0.02240962990697809	0
chr6:33138583	0.9931985364047048	0.01928278738671792	0
chr6:37693136	0.9931499389572792	0.01938006179305188	0
chr6:37703013	0.9931943962144266	0.01927544602882284	0
chr6:38781889	0.9932188720019801	0.01926145408823244	0
chr6:40410911	0.9931943962144266	0.01927544602882284	0
chr6:40505794	0.9929166254503773	0.020542432545529524	0
chr6:43660697	0.9927182191898571	0.024439540589202582	0
chr6:45592154	0.9930098334570773	0.01991869109238841	0
chr6:47553570	0.99286310276668	0.02095680201737844	0
chr6:52732460	0.9931966242781103	0.019275718975503103	0
chr6:53188675	0.9926948219129468	0.021737524170317737	12
chr6:54833632	0.9930957171120893	0.019639357243469123	0
chr6:55593289	0.9928669870351547	0.020154194496440757	0
chr6:56567171	0.9932188720019801	0.01926145408823244	0
chr6:56586819	0.9929621380274025	0.019937324132440523	0
chr6:67847889	0.9931650792999764	0.01933302129955262	0
chr6:67909196	0.9928764656197706	0.020351972273407036	0
chr6:72676684	0.9931499389572792	0.01938006179305188	0
chr6:73672595	0.9931254631697258	0.01939388108039797	0
chr6:7611226	0.9931699204268732	0.01928939673238577	0
chr6:79114290	0.9930749512135532	0.01955712431852744	0
chr6:81839907	0.993071699673302	0.019797107236851266	0
chr6:91405295	0.9930913751712426	0.019453941313396634	0
chr6:93286808	0.9929321664633869	0.02137870949047713	0
chr6:93956899	0.9932188720019801	0.01926145408823244	0
chr6:97688356	0.9931699204268732	0.01928939673238577	0
chr7:100201190	0.9929918175107235	0.020322134607818804	0
chr7:100940531	0.9924010861569182	0.02297440099333021	11
chr7:101207601	0.9930113381094772	0.020417089711537842	0
chr7:103383150	0.9930825692567319	0.019490727080339953	0
chr7:103867022	0.9932188720019801	0.01926145408823244	0
chr7:103888020	0.9929218085059185	0.021519160670524184	0
chr7:103894214	0.9928949143217202	0.02050139620316732	0
chr7:104263286	0.9932188720019801	0.01926145408823244	0
chr7:104916382	0.9928638651568263	0.02048780280384281	0
chr7:106320584	0.9932188720019801	0.01926145408823244	0
chr7:106692382	0.9930694716096183	0.01979682740485668	0
chr7:107739090	0.9932188720019801	0.01926145408823244	0
chr7:107744856	0.9932211000656638	0.019261724399159925	0
chr7:10785349	0.9931943962144266	0.01927544602882284	0
chr7:108777626	0.9927014416856487	0.023198214126714887	0
chr7:109635574	0.9928154967070272	0.023019753791554038	0
chr7:109816533	0.9932188720019801	0.01926145408823244	0
chr7:110240702	0.9928103351918995	0.02115560776426248	0
chr7:111078239	0.9932188720019801	0.01926145408823244	0
chr7:111716431	0.9931450596397904	0.019347449379524623	0
chr7:113028994	0.9932188720019801	0.01926145408823244	0
chr7:1141666	0.9932188720019801	0.01926145408823244	0
chr7:11447665	0.9931943962144266	0.01927544602882284	0
chr7:114544966	0.9922649219341847	0.028801669113969086	0
chr7:114825952	0.9931254631697258	0.01939388108039797	0
chr7:115018764	0.9932188720019801	0.01926145408823244	0
chr7:115328241	0.9929563627611515	0.020083320099125706	0
chr7:115733574	0.9931699204268732	0.01928939673238577	0
chr7:116128341	0.9931253797387771	0.01942236905489986	0
chr7:116841887	0.9930166250805263	0.019944412134086778	0
chr7:118137702	0.9930451776009925	0.01985226217672271	0
chr7:118397604	0.9932233281293474	0.019261994448312465	0
chr7:118486053	0.9931943962144266	0.01927544602882284	0
chr7:119389404	0.9928957772086308	0.020370840023490707	0
chr7:119583676	0.9931254631697258	0.01939388108039797	0
chr7:121077418	0.9929929728349788	0.019736085240480192	0
chr7:122292879	0.9930803411930482	0.01949044409333301	0
chr7:122426500	0.9932211000656638	0.019261724399159925	0
chr7:122499859	0.9932211000656638	0.019261724399159925	0
chr7:122561446	0.9924864599762294	0.026484517029602708	0
chr7:122588156	0.9932211000656638	0.019261724399159925	0
chr7:123875142	0.9932188720019801	0.01926145408823244	0
chr7:125038297	0.9929973353634283	0.02002249839619759	0
chr7:125615651	0.9931966242781103	0.019275718975503103	0
chr7:125672694	0.9925185819275574	0.025309688869283184	0
chr7:126090003	0.9925131429584969	0.023859367792869946	0
chr7:128631102	0.9931499389572792	0.01938006179305188	0
chr7:129241426	0.9931048169806016	0.019476750080546498	0
chr7:130351168	0.9932188720019801	0.01926145408823244	0
chr7:131081115	0.9927605183471553	0.02187246058096762	0
chr7:131404887	0.9930062046842023	0.02035250133653524	0
chr7:131763090	0.9932188720019801	0.01926145408823244	0
chr7:132835657	0.9929778460910373	0.020033660023727577	0
chr7:132968359	0.9931943962144266	0.01927544602882284	0
chr7:133178906	0.9930961462552755	0.01945100178564881	0
chr7:134209495	0.9929660973887852	0.02010503015889162	0
chr7:13543890	0.9922762333419286	0.025690891914066333	0
chr7:13584144	0.9932188720019801	0.01926145408823244	0
chr7:136338767	0.9926757950576801	0.022385231976688378	0
chr7:137709109	0.9929819265330319	0.01999853194889384	0
chr7:137884916	0.9930674253248624	0.019838581868092182	0
chr7:138123594	0.993105433712659	0.01956531307065619	0
chr7:138707272	0.9931499389572792	0.01938006179305188	0
chr7:139265467	0.9931292927681551	0.019463015622382833	0
chr7:141072065	0.9927449230410942	0.024429240847972	0
chr7:141524230	0.9931988523417941	0.01927599166052435	0
chr7:142625413	0.9928651639066374	0.021306272262268052	0
chr7:14400928	0.9932188720019801	0.01926145408823244	0
chr7:146382992	0.9931254631697258	0.01939388108039797	0
chr7:146463236	0.9932188720019801	0.01926145408823244	0
chr7:146825468	0.9927828399202399	0.020900453241139146	0
chr7:147490612	0.9929336698653002	0.020270461782760776	0
chr7:147947899	0.993008432747886	0.02035278046142706	0
chr7:148844329	0.9932211000656638	0.019261724399159925	0
chr7:149531326	0.9926370475201753	0.02220932103804606	0
chr7:150887632	0.9932188720019801	0.01926145408823244	0
chr7:15124100	0.9923236816323331	0.024930341826812932	0
chr7:152114517	0.9929089130463364	0.020146896855183057	0
chr7:152287197	0.9931292927681551	0.019463015622382833	0
chr7:152855482	0.992853382771303	0.021828686780121686	0
chr7:152910877	0.9932188720019801	0.01926145408823244	0
chr7:153937867	0.9929886079827069	0.0199440180662927	0
chr7:154000865	0.9931155788722713	0.01938446235397875	0
chr7:154209293	0.9932188720019801	0.01926145408823244	0
chr7:154209294	0.9931292927681551	0.019463015622382833	0
chr7:155522989	0.9930957171120893	0.019639357243469123	0
chr7:155657551	0.9928383563590555	0.02049056798667338	0
chr7:155858795	0.9931406035124231	0.019346893360758535	0
chr7:15613703	0.9932188720019801	0.01926145408823244	0
chr7:156225928	0.9931292927681551	0.019463015622382833	0
chr7:157504363	0.9932188720019801	0.01926145408823244	0
chr7:15778187	0.9923222717436185	0.02481161466370511	0
chr7:157910305	0.9931966242781103	0.019275718975503103	0
chr7:158427195	0.9930184737497555	0.019865339194047205	0
chr7:158499127	0.993015854478834	0.019763261251700123	0
chr7:158701202	0.9928598914323594	0.020960924256161157	0
chr7:18010004	0.9932188720019801	0.01926145408823244	0
chr7:21701882	0.9931028995087667	0.019414689432891735	0
chr7:23051196	0.9931499389572792	0.01938006179305188	0
chr7:23603250	0.9929321664633869	0.02137870949047713	0
chr7:29063012	0.9928928488243164	0.020727268845452035	0
chr7:30825798	0.9931314498656776	0.019470926568881677	0
chr7:31300314	0.9932188720019801	0.01926145408823244	0
chr7:31536804	0.9931650792999764	0.01933302129955262	0
chr7:33629144	0.9929652659255056	0.019669745519006597	5
chr7:36043487	0.9927307931745694	0.024106788324850584	0
chr7:38426649	0.9931963083410211	0.01928251476125598	0
chr7:41333485	0.9927726010114797	0.021944390599458772	0
chr7:46426642	0.9932188720019801	0.01926145408823244	0
chr7:46445460	0.992768926808977	0.022051317125564775	0
chr7:49458547	0.9929533703034839	0.02004681843971466	0
chr7:52514434	0.9931943962144266	0.01927544602882284	0
chr7:53416154	0.9932188720019801	0.01926145408823244	0
chr7:54939279	0.9928361754397675	0.02143400539237362	0
chr7:569213	0.9926977977251532	0.022066265289358157	0
chr7:64123478	0.9932188720019801	0.01926145408823244	0
chr7:64181442	0.9930417926205757	0.019921597546130296	0
chr7:64719525	0.9931673073636601	0.019333296815394377	0
chr7:64852573	0.9930674253248624	0.019838581868092182	0
chr7:68064267	0.9930283065266897	0.019864217811378804	0
chr7:68348193	0.9931943962144266	0.01927544602882284	0
chr7:68763961	0.9927129611245986	0.020869808400057546	0
chr7:70572781	0.9932188720019801	0.01926145408823244	0
chr7:71775709	0.9928158670536984	0.021249322168281577	0
chr7:73497479	0.9927674069195309	0.021923925041171462	0
chr7:76059391	0.9927779744584975	0.021313133078406727	0
chr7:78291279	0.9928593654871926	0.019847753224903564	6
chr7:78405639	0.9928425872295619	0.021559294187429415	0
chr7:79556179	0.9930062046842023	0.02035250133653524	0
chr7:7975781	0.9929200712172565	0.02031699907373602	0
chr7:81126827	0.9930810059125783	0.01949770405892919	0
chr7:81132742	0.9931943962144266	0.01927544602882284	0
chr7:84020953	0.9930674253248624	0.019838581868092182	0
chr7:84115949	0.9932211000656638	0.019261724399159925	0
chr7:84541780	0.9930510921580571	0.019658866050054995	0
chr7:85309826	0.9932188720019801	0.01926145408823244	0
chr7:85568224	0.9932188720019801	0.01926145408823244	0
chr7:86216358	0.9930716704677222	0.019464702999276558	0
chr7:86238277	0.9930674253248624	0.019838581868092182	0
chr7:87741990	0.9932188720019801	0.01926145408823244	0
chr7:8814955	0.9923853381696591	0.02776261568274089	0
chr7:88286506	0.9932188720019801	0.01926145408823244	0
chr7:88853327	0.9932211000656638	0.019261724399159925	0
chr7:88974900	0.9929379132469142	0.020271832732699023	0
chr7:89283628	0.9931161277248696	0.01936072450939026	0
chr7:92832670	0.9931943962144266	0.01927544602882284	0
chr7:93794712	0.9929661659887219	0.020289261656183756	0
chr7:94793590	0.9930151175638288	0.020263190617875144	0
chr7:95388582	0.992980074154721	0.020033946747949487	0
chr7:95484073	0.9923310408201405	0.028234291061209005	0
chr7:95493764	0.9932211000656638	0.019261724399159925	0
chr7:95894826	0.9930957171120893	0.019639357243469123	0
chr7:96046840	0.9931276912334095	0.019394160287442914	0
chr7:97847924	0.9932188720019801	0.01926145408823244	0
chr7:98243849	0.9930895417029596	0.01975061492188949	0
chr7:99519832	0.9931048169806016	0.019476750080546498	0
chr8:100022823	0.9930449958220648	0.01981025644986546	0
chr8:100400271	0.9930712413245358	0.01965292660885584	0
chr8:104034399	0.9932188720019801	0.01926145408823244	0
chr8:107849306	0.9928835133794601	0.020696143517459818	0
chr8:108160024	0.9923643718586656	0.026362132186010526	0
chr8:108243100	0.9930809579251056	0.01957894591208337	0
chr8:10860120	0.9932188720019801	0.01926145408823244	0
chr8:108739466	0.9929984922801615	0.019953235621949523	0
chr8:110208425	0.993008432747886	0.02035278046142706	0
chr8:111314553	0.9928560796271705	0.020403141416514246	0
chr8:115030681	0.9920334405193963	0.027894233453637982	0
chr8:116098315	0.9931183448553774	0.019395961295971983	0
chr8:118246762	0.9931001732394567	0.01963991517692395	0
chr8:123523895	0.9931943962144266	0.01927544602882284	0
chr8:124492424	0.9930674253248624	0.019838581868092182	0
chr8:124670376	0.9929907137839381	0.020605025011391075	0
chr8:125242431	0.9928408777651033	0.02047963146695526	0
chr8:127154685	0.9931406035124231	0.019346893360758535	0
chr8:128521644	0.9932188720019801	0.01926145408823244	0
chr8:131451454	0.9931721484905569	0.019289672311583596	0
chr8:132814301	0.9931650792999764	0.01933302129955262	0
chr8:139530293	0.9931499389572792	0.01938006179305188	0
chr8:139941183	0.9930674253248624	0.019838581868092182	0
chr8:140046499	0.9931966242781103	0.019275718975503103	0
chr8:140188505	0.9932211000656638	0.019261724399159925	0
chr8:140597522	0.9932211000656638	0.019261724399159925	0
chr8:14070434	0.9928273104036361	0.02083654705038656	0
chr8:144645619	0.9929259865301953	0.021471846472386133	0
chr8:15693536	0.9931943962144266	0.01927544602882284	0
chr8:16944256	0.9923242806345494	0.025319042934971208	0
chr8:23950105	0.9932188720019801	0.01926145408823244	0
chr8:24215839	0.9924340375030062	0.024573415559193013	0
chr8:26407175	0.9932188720019801	0.01926145408823244	0
chr8:30930998	0.9929617818690173	0.020617273626087538	0
chr8:31035274	0.9931570009114113	0.019357221798821718	0
chr8:33018299	0.9931292927681551	0.019463015622382833	0
chr8:34260579	0.9932188720019801	0.01926145408823244	0
chr8:37056938	0.9931499389572792	0.01938006179305188	0
chr8:38993655	0.9929574507454784	0.02001171845853149	0
chr8:39816942	0.993002572722156	0.019917961474253513	0
chr8:42372727	0.9932188720019801	0.01926145408823244	0
chr8:42984405	0.9932211000656638	0.019261724399159925	0
chr8:47531603	0.9927910209194737	0.023031033520428037	0
chr8:4799951	0.9928154967070272	0.023019753791554038	0
chr8:48466723	0.9930580825360027	0.019539082819713182	0
chr8:51621112	0.9931943962144266	0.01927544602882284	0
chr8:52293230	0.9930662684081292	0.019908247548113	0
chr8:54388099	0.9931499389572792	0.01938006179305188	0
chr8:58766913	0.9929090653689678	0.0201643040599351	0
chr8:61146878	0.9931499389572792	0.01938006179305188	0
chr8:64521298	0.9931254631697258	0.01939388108039797	0
chr8:69059969	0.9930603597234542	0.019580086729265967	0
chr8:69796307	0.9926028293892494	0.02393654153086989	0
chr8:70505185	0.9930173289131202	0.019558643319608476	0
chr8:71166600	0.9931273752963202	0.01940091346173949	0
chr8:71230059	0.9929886079827069	0.0199440180662927	0
chr8:74713970	0.9929862576565708	0.02060446951495778	0
chr8:76005277	0.9931297277723202	0.01944006379633647	0
chr8:76127609	0.9932188720019801	0.01926145408823244	0
chr8:78322605	0.9930207018134392	0.01986562378644773	0
chr8:78948982	0.9932188720019801	0.01926145408823244	0
chr8:79213414	0.9930365006679582	0.01968169205413816	0
chr8:80619023	0.9929484905912602	0.020796773288161475	0
chr8:80709295	0.9931650792999764	0.01933302129955262	0
chr8:88868704	0.9914225752793883	0.02994925655448647	15
chr8:92995608	0.9931499389572792	0.01938006179305188	0
chr8:93044616	0.9931454446393198	0.0193033062883276	0
chr8:93523366	0.9930062046842023	0.02035250133653524	0
chr8:98635849	0.9932188720019801	0.01926145408823244	0
chr9:100794221	0.9929862576565708	0.02060446951495778	0
chr9:10400436	0.9931292927681551	0.019463015622382833	0
chr9:104655199	0.992999423304553	0.02000396194856612	0
chr9:104796751	0.9931521670209629	0.019380338382508248	0
chr9:105785420	0.9932188720019801	0.01926145408823244	0
chr9:107553311	0.9930957171120893	0.019639357243469123	0
chr9:109953524	0.9932188720019801	0.01926145408823244	0
chr9:11479004	0.9926003375065597	0.02362920308620002	0
chr9:116905691	0.9921783916295529	0.026276920513132244	0
chr9:117336752	0.9932211000656638	0.019261724399159925	0
chr9:120252999	0.9921131614641656	0.028393127956186606	0
chr9:122166984	0.9922530855577937	0.02819870674254029	0
chr9:124881321	0.9931943962144266	0.01927544602882284	0
chr9:129214583	0.9931988523417941	0.01927599166052435	0
chr9:129926028	0.9931499389572792	0.01938006179305188	0
chr9:131494605	0.9931943962144266	0.01927544602882284	0
chr9:131584827	0.9931550961386562	0.019388821284167804	0
chr9:135303756	0.9926771111549691	0.021809718734998932	0
chr9:1438321	0.9932188720019801	0.01926145408823244	0
chr9:16182536	0.9932211000656638	0.019261724399159925	0
chr9:18726657	0.9930140652345933	0.02030882932814486	0
chr9:22894102	0.992730658008199	0.023067604297220223	0
chr9:25952035	0.9926937434023037	0.024450067851689506	0
chr9:29520151	0.9932188720019801	0.01926145408823244	0
chr9:31459085	0.9932188720019801	0.01926145408823244	0
chr9:35144465	0.9931650792999764	0.01933302129955262	0
chr9:36503664	0.9930022248488863	0.019796618598598683	0
chr9:38115728	0.9932188720019801	0.01926145408823244	0
chr9:5163936	0.9927780220974828	0.021655511082745882	0
chr9:646026	0.993017545128883	0.02007327912425554	0
chr9:71749182	0.9931276912334095	0.019394160287442914	0
chr9:72738684	0.9931943962144266	0.01927544602882284	0
chr9:74823372	0.9931292927681551	0.019463015622382833	0
chr9:75588670	0.9930674253248624	0.019838581868092182	0
chr9:77155214	0.9931943962144266	0.01927544602882284	0
chr9:80531184	0.9932188720019801	0.01926145408823244	0
chr9:83765304	0.9930429495373089	0.01985198014253512	0
chr9:83954059	0.9931900497802779	0.01927595322412473	0
chr9:84246855	0.992964009932701	0.020617553971851773	0
chr9:87313160	0.9930715057668569	0.019803089277284365	0
chr9:87536252	0.9929308159377673	0.020940806327661352	0
chr9:87905724	0.9931966242781103	0.019275718975503103	0
chr9:90341812	0.9931645304473782	0.019356794506877047	0
chr9:9215505	0.9932211000656638	0.019261724399159925	0
chr9:9387058	0.9928882668572123	0.020226459710300227	0
chr9:96506739	0.9927942523865124	0.021663369273808967	0
chrX:100472453	0.9930694716096183	0.01979682740485668	0
chrX:110614233	0.9928247062196969	0.02035343069167956	0
chrX:110929630	0.9932188720019801	0.01926145408823244	0
chrX:117554520	0.9931943962144266	0.01927544602882284	0
chrX:121869886	0.9929043255731966	0.020073246271329153	0
chrX:122135702	0.9931113566408366	0.019363682670031728	0
chrX:135625369	0.9930738151004572	0.019493371191840674	0
chrX:136404447	0.9931221215103425	0.01947413152347756	0
chrX:137727227	0.9931943962144266	0.01927544602882284	0
chrX:139951468	0.9926660963146653	0.023466980564704178	0
chrX:141181394	0.9931254631697258	0.01939388108039797	0
chrX:145934467	0.9928008580447689	0.021439800491178895	0
chrX:146855068	0.9929617818690173	0.020617273626087538	0
chrX:14876711	0.9922929463649917	0.0265432189262874	0
chrX:15385044	0.9932188720019801	0.01926145408823244	0
chrX:18479085	0.993105433712659	0.01956531307065619	0
chrX:21456076	0.9931292927681551	0.019463015622382833	0
chrX:22356313	0.9932211000656638	0.019261724399159925	0
chrX:25719764	0.9927222158003893	0.021556768215633577	0
chrX:25929249	0.9930662684081292	0.019908247548113	0
chrX:26410347	0.9931943962144266	0.01927544602882284	0
chrX:27822938	0.9928778585588565	0.021816715389414244	0
chrX:3189746	0.9931243495740262	0.019474409962663444	0
chrX:32778595	0.9931645304473782	0.019356794506877047	0
chrX:35854049	0.9932188720019801	0.01926145408823244	0
chrX:39752965	0.9931499389572792	0.01938006179305188	0
chrX:55762992	0.9925815607346853	0.023427322974524076	0
chrX:64859693	0.9932188720019801	0.01926145408823244	0
chrX:79802190	0.9928102381906675	0.020953809392554514	0
chrX:93025651	0.9929576446519235	0.02000579990810371	0
chrX:94604635	0.9929932372772997	0.01988562100330218	0
chrX:99148886	0.9930410411172776	0.019602347013023273	0
chrY:21394855	0.9930206908802633	0.019899693359887876	0
chrY:23344975	0.9930449958220648	0.01981025644986546	0
