Samples	SBS96A	SBS96B	SBS96C	SBS96D	SBS96E	SBS96F	SBS96G	SBS96H	SBS96I	SBS96J	SBS96K	SBS96L	SBS96M	SBS96N	SBS96O	SBS96P	SBS96Q	SBS96R
ZL-201155	0	0	334	1193	0	815	0	904	0	0	0	1500	0	660	431	398	0	0
ZL-201204T	1328	0	0	1170	1931	0	2132	1270	1293	1097	806	0	0	1203	0	0	786	0
ZL-201948	0	0	4953	2886	0	0	0	3439	0	0	0	5326	0	1633	1297	0	0	0
ZL-201999	1627	0	0	1646	0	3565	0	1204	0	795	1064	1652	0	0	952	674	0	0
ZL-202025	826	892	541	1668	0	999	2600	0	0	786	0	1368	0	0	0	0	873	0
ZL-202046	1291	0	1049	2516	2337	0	0	0	2543	1451	1342	0	2846	0	1276	0	0	0
ZL-202056	0	0	0	1461	0	1136	0	578	0	0	664	1775	1471	0	698	581	0	0
ZL-202079	9915	4773	0	0	0	0	4461	0	0	0	1599	0	0	0	0	0	0	0
ZL009041	64188	29935	0	19919	0	0	0	0	0	0	0	0	0	0	0	0	0	0
ZL026642	2387	0	1609	2429	3713	2845	0	0	0	2183	0	0	2839	0	1454	0	0	0
ZL033326	9354	4390	0	2976	3573	0	3654	3501	0	0	2073	0	0	0	0	0	0	0
ZL040761	0	0	0	24	35	0	0	0	0	0	0	0	0	0	18	0	0	0
ZL054594	799	0	4524	0	2659	0	3871	0	2415	1255	1788	0	0	0	1227	0	0	0
ZL093073	3336	0	0	3137	0	6372	0	3813	3749	2995	0	3687	0	0	0	0	0	0
ZL094531	1282	0	544	1399	1616	0	1632	0	0	655	0	0	1800	1030	0	0	698	0
ZL094587	0	0	15523	3707	0	0	0	0	0	2996	0	3599	0	0	0	0	1462	1879
ZL098594	0	0	0	0	0	0	24108	0	67694	0	11930	0	0	0	0	0	0	0
ZL098834	2966	0	0	1507	2080	0	3171	1236	0	1060	0	0	0	1127	0	913	821	0
ZL099873	0	909	0	2633	0	2652	0	2206	2272	0	1449	2893	0	0	938	0	0	0
ZL117411	9806	3411	1542	0	4280	3129	0	0	0	0	2827	0	0	1947	0	0	0	0
ZL119464	5619	1909	0	3295	2839	2722	0	0	0	0	0	0	2900	0	1279	0	0	0
ZL122906	0	0	0	3655	0	0	5295	4107	2689	1245	0	0	0	0	0	0	0	0
ZL130896	3677	2114	2795	0	0	0	0	1825	2142	2317	0	2800	0	1473	1368	0	3479	0
ZL135285	6269	2241	5896	1186	0	0	2629	0	0	0	0	2178	0	0	0	0	0	0
ZL143005	114031	51439	0	0	0	0	0	0	0	0	0	0	0	0	0	0	0	0
ZL144459	0	0	841	1406	0	1027	0	1121	0	0	1917	1997	0	0	712	825	0	0
ZL145150	11597	4152	2230	3655	3484	0	0	0	0	2181	0	0	3459	0	1371	0	0	0
ZL154137T	1518	671	0	1002	0	0	0	0	0	427	0	902	1007	0	585	586	0	0
ZL160571	0	0	9927	1886	0	0	0	0	2942	2724	0	2830	0	0	0	0	0	0
ZL160658	2675	770	595	0	0	0	0	0	2036	1212	1053	0	1742	0	670	0	0	0
ZL163085	0	0	0	0	0	10031	6598	2117	0	0	1516	0	0	0	0	1435	1245	0
ZL163503	2459	1689	5843	0	5926	4222	0	0	0	3866	2554	0	0	0	1251	0	0	0
ZL165633	578	0	0	1766	0	1176	0	1337	0	0	895	1587	0	587	560	905	0	0
ZL166217	0	0	0	0	0	1540	0	0	0	1105	0	2048	0	2068	0	2225	0	438
ZL169282	0	0	4432	0	2735	0	2960	1496	0	0	1461	0	0	1050	0	1036	0	0
ZL170022	10035	1495	0	0	0	0	4160	0	0	0	0	0	0	0	0	0	0	0
ZL171919	0	0	21240	0	0	4144	0	0	0	0	0	7019	0	3158	0	0	0	0
ZL173347	0	0	0	0	287	0	623	0	0	0	0	0	0	0	248	211	214	0
ZL173419	9580	1750	0	0	5283	0	0	0	0	0	3183	0	3064	0	0	0	0	0
ZL173520	1505	0	2221	3175	0	0	5022	1974	2472	0	0	0	0	0	0	0	0	0
ZL176154	0	0	0	521	0	1146	0	456	0	0	0	1362	0	498	355	789	448	0
ZL183080	5048	2775	0	1203	2002	0	3964	0	0	1147	0	0	0	0	1117	1071	0	0
ZL183247	82	0	28	58	0	0	0	0	0	0	0	94	109	0	32	0	32	0
ZL185536	0	1617	0	2822	0	0	3947	4810	2324	1499	2735	0	0	0	0	0	0	0
ZL187056T	346	251	0	446	720	0	1067	0	0	0	0	0	0	569	0	207	254	0
ZL187784	905	0	1004	0	1850	0	3070	991	0	0	865	0	0	2823	1238	0	0	0
ZL193447	1758	755	0	1071	0	0	2088	931	1380	1183	0	0	1419	0	620	0	0	0
ZL200007	2258	0	0	2045	0	0	0	2651	2621	1356	0	3564	2408	0	0	0	0	0
ZL200095	883	0	0	3408	0	0	2595	1029	0	0	0	2254	0	1355	0	833	948	0
ZL200191	1887	0	2153	0	1734	1615	0	0	0	1299	1548	0	1925	0	736	0	0	0
ZL200205	0	354	672	861	1845	1228	0	0	0	0	1088	1258	1375	0	719	0	0	0
ZL200206	1448	0	0	1719	1561	1352	0	0	1095	939	0	1275	1180	0	682	0	0	0
ZL200236	285	0	348	496	701	634	945	0	0	580	0	0	845	0	693	843	0	0
ZL200258	548	0	1996	770	0	1296	0	0	0	2726	0	0	1454	0	690	589	0	0
ZL200312	0	348	375	733	1056	0	1766	0	0	0	0	0	706	0	346	384	0	0
ZL200387	12383	7046	0	4661	0	0	7252	0	0	0	0	0	0	0	0	0	0	0
ZL200509	0	993	0	2448	0	1208	0	1758	0	0	1065	2054	0	0	803	588	0	0
ZL200531	1488	856	567	1275	2029	1828	0	0	0	0	901	0	0	0	676	542	0	0
ZL200638	1736	1003	606	1432	1436	0	0	0	0	880	876	0	1108	0	820	0	0	0
ZL200746T	476	0	0	690	1092	945	1440	0	0	0	0	0	0	535	0	366	430	0
ZL200881T	0	0	0	781	0	1274	2115	1325	1137	0	1143	967	0	0	0	0	0	0
ZL200942T	986	0	4427	0	4485	2772	0	0	0	0	1905	0	0	1120	0	0	0	0
ZL200989T	0	0	1273	1603	2258	1423	0	1729	0	0	1118	2255	0	0	769	787	0	0
ZL200995T	0	820	0	1275	3436	2549	0	0	0	1420	0	0	2042	0	859	1087	0	0
ZL201029T	5202	2072	1485	3230	2924	0	5028	0	0	0	0	0	0	0	1260	0	0	0
ZL201057T	0	0	0	966	1096	0	1904	909	0	585	632	1032	0	0	568	524	0	0
ZL201059T	11035	6222	0	2221	0	0	5283	0	0	1783	0	0	0	0	0	0	0	0
ZL201074T	13554	3744	1655	2256	5270	0	0	0	0	0	0	0	3649	0	0	0	0	0
ZL201109T	703	0	0	860	779	0	1492	669	0	425	0	0	931	0	443	607	0	0
ZL201144T	1626	1556	638	982	1014	0	1966	0	0	0	0	0	0	0	559	0	0	0
ZL201217T	0	0	0	595	0	459	0	0	0	0	0	295	678	0	329	305	0	0
ZL201238T	1041	0	1026	0	1908	1966	0	0	0	1516	0	0	2580	0	645	761	0	0
ZL201286T	0	1469	0	1682	1720	0	0	3698	1641	0	1241	0	0	832	0	0	0	0
ZL201292T	4125	1340	0	0	0	1448	0	0	0	1121	822	0	0	0	784	0	0	0
ZL201309T	15177	9532	0	0	6123	3742	0	3769	0	0	2534	0	0	0	0	0	0	0
ZL201325T	0	0	0	1768	0	0	991	0	0	412	0	818	0	0	536	496	0	0
ZL201360T	341	0	1072	592	1039	1429	0	0	0	0	0	0	947	0	639	598	0	0
ZL201378T	3608	1161	3632	1406	0	0	3023	0	0	946	0	0	0	0	0	0	0	0
ZL201381T	31783	15791	0	0	0	0	12479	0	0	0	0	0	0	0	0	0	0	0
ZL201403T	1298	0	0	3222	3421	0	0	2675	0	0	2212	0	2247	0	1455	0	0	0
ZL201425T	2438	0	0	0	2244	1802	0	0	0	1281	1092	0	2122	0	867	664	0	0
ZL201450T	1306	0	0	1357	1135	678	0	0	0	832	0	0	1247	0	442	517	0	0
ZL201482T	2142	0	0	1416	1899	0	0	1077	1157	1031	0	0	2900	0	737	0	0	0
ZL201509T	552	0	0	1049	0	1837	2488	0	0	0	0	1362	0	705	490	810	562	0
ZL201537T	805	0	577	1328	0	1921	2227	0	0	0	0	1151	0	832	0	540	648	0
ZL201557T	482	0	520	0	2233	1220	2011	0	0	0	1276	0	1435	1106	902	0	0	0
ZL201573T	667	0	454	1576	0	4093	0	0	0	0	0	1296	1527	0	573	731	0	0
ZL201645K	3884	1725	2151	2409	6366	2726	3833	0	0	0	3053	0	0	0	1476	0	0	0
ZL201703T	0	0	0	0	1492	1397	2668	916	0	0	2188	0	0	0	0	0	614	0
ZL201949T	12994	5166	3050	4774	6552	0	0	0	0	0	0	0	0	0	0	0	0	0
ZL202004T	0	0	1044	1108	1333	0	3392	1777	0	772	904	0	0	0	0	829	0	0
ZL202165T	1298	0	0	1297	2425	2735	3446	0	0	0	0	3001	0	0	0	0	1061	0
ZL202470	0	0	0	0	0	1210	0	0	0	451	604	1512	1225	0	625	874	0	0
ZL202543T	0	0	684	951	0	0	3272	1707	1600	1041	1462	0	0	0	0	0	0	0
ZL202690T	0	0	0	0	0	1459	2663	811	0	1547	0	2198	1997	1621	1090	1240	0	0
ZL202883	0	0	561	1856	1185	0	1982	896	0	0	0	1726	0	946	500	582	0	0
ZL203330	0	0	1802	0	956	0	1683	0	1411	770	649	0	1104	0	500	0	0	0
ZL203405T	0	0	670	1158	0	0	0	0	0	526	0	1192	0	494	529	577	0	235
ZL203684T	0	0	0	0	1753	0	3345	1842	0	629	1360	0	0	0	563	543	0	0
ZL203719T	0	0	1209	1122	0	0	0	0	0	1508	840	1598	0	820	684	557	0	683
ZL1056056	325	0	0	880	1108	0	0	0	0	546	0	1371	0	670	0	559	793	535
ZL1095842	1377	0	1096	2377	3237	2727	2775	2049	0	1205	0	0	2155	0	1273	0	0	0
ZL1132727	14198	5401	1710	3750	0	0	0	0	0	0	0	0	3840	0	1366	0	0	0
ZL1134324	1115	862	0	1703	1845	0	2431	1487	0	711	838	0	0	0	661	765	0	0
ZL1135196	2625	0	3874	3630	4505	0	4960	2173	0	0	0	0	0	0	0	0	1120	0
ZL1135526	4695	2389	0	1895	1731	0	0	0	0	0	0	0	1937	0	844	1228	0	0
ZL1135687	0	940	889	1589	2002	1419	0	0	0	0	1121	2842	0	1889	1101	899	0	540
ZL1135777	4441	1317	0	0	2879	0	0	0	2720	1846	0	0	3449	0	0	0	0	0
ZL1135893	836	0	0	772	0	1112	0	624	0	0	561	1381	0	981	707	941	0	0
ZL1135916	0	0	616	0	2440	2219	2840	755	0	0	843	0	0	0	840	760	0	0
ZL1136162	1549	0	0	1594	1005	924	0	0	0	643	0	0	1293	0	715	489	0	0
ZL1136289	3189	0	904	3394	2401	1631	0	0	0	0	1401	0	2233	0	1159	0	0	0
ZL1136315	30	0	0	65	129	0	0	0	0	0	0	0	115	0	70	44	0	0
ZL1136555	3411	2472	0	1557	0	0	2985	0	2350	1152	1170	0	0	0	0	0	0	0
ZL1136727	114361	58940	0	0	18909	0	0	0	0	0	13855	0	0	0	0	0	0	0
ZL1136761	3314	1641	4685	2519	3359	3080	3755	0	0	5037	0	0	0	0	2093	0	0	0
ZL1137133	31053	11073	0	0	5793	0	0	0	0	0	0	0	0	0	0	0	0	0
ZL1137172	427	0	0	0	0	0	436	235	0	0	0	0	0	0	0	0	0	0
ZL1137270	5705	2829	0	0	4652	15224	0	0	0	0	3484	0	0	0	2460	4836	0	0
ZL1137379	0	20	0	0	33	29	0	0	0	0	36	0	0	0	29	23	0	0
ZL1137449	6715	3704	2119	0	0	0	3787	1577	2084	0	1334	0	0	0	0	0	0	0
ZL1137632	0	677	478	1254	0	888	0	891	0	0	0	1927	1238	0	679	835	0	0
ZL1137732	0	0	17867	3746	0	0	0	0	0	0	0	7062	0	0	0	0	0	0
ZL1137748	3157	0	28796	0	0	0	0	0	7739	12446	0	0	0	0	0	0	2998	0
ZL1137810	0	0	266	0	715	729	1184	0	0	0	706	0	0	584	397	646	0	0
ZL1137816	4812	0	0	3528	0	2718	0	2892	3140	1707	2078	0	2927	0	1178	0	0	0
ZL1138220	9246	3199	0	4752	0	0	6414	0	0	0	0	0	4847	0	1717	0	0	3618
ZL1138247	515	0	0	890	1223	943	0	0	0	742	0	0	1638	0	731	750	0	0
ZL1138279	416	0	1786	745	1064	1028	2302	0	1007	1516	0	0	0	0	745	0	0	0
ZL1138297	22259	10536	0	3212	0	0	4698	0	0	0	0	0	0	0	0	0	0	0
ZL1138367	0	328	0	1172	830	930	1788	0	0	813	0	0	0	0	577	601	0	0
ZL1138649	12666	5743	0	1787	0	0	4645	0	0	0	0	0	0	0	0	0	0	0
ZL1138854	8778	1281	0	1557	2273	0	0	0	0	0	0	0	2169	0	916	0	0	0
ZL1138867	0	481	1914	0	1201	1364	0	0	0	759	899	0	1163	0	587	921	0	0
ZL1139109	3125	0	784	2083	2631	0	0	1323	0	0	1720	0	0	974	660	0	0	0
ZL1139195	0	0	719	0	2097	0	1686	906	0	0	0	3802	0	0	0	1100	706	0
ZL1139220	5065	0	997	1985	0	1477	0	0	0	1943	0	0	0	0	745	0	0	0
ZL1139421	0	508	1427	1228	1258	0	2851	956	0	0	687	0	0	0	556	575	0	0
ZL1139424	0	395	765	1502	1793	940	1500	0	0	0	581	0	0	0	586	379	0	0
ZL1139564	0	0	4208	0	1487	0	4257	1262	1608	0	901	0	0	0	0	0	0	0
ZL1139784	1458	0	711	2160	3196	2788	0	0	0	1260	0	0	2489	0	1053	0	860	0
ZL1139936	220	0	0	1070	764	613	884	0	0	558	0	0	594	0	352	472	341	0
ZL1139961	8724	2321	2743	3009	3914	7321	5593	4965	0	0	2770	0	0	0	0	0	0	0
ZL1139972	757	0	3104	1903	3263	0	3457	0	0	2337	1769	0	0	0	1088	0	0	0
ZL1140305	0	0	0	551	0	0	1568	575	658	402	0	0	0	614	315	336	257	0
ZL1140523	33743	15136	0	5651	0	0	8203	0	0	0	0	0	0	0	0	0	0	0
ZL1140557	0	0	382	648	709	0	1664	0	0	0	0	0	0	480	528	751	0	0
ZL1140665	16168	7017	0	2596	0	0	6330	0	0	2383	0	0	0	0	0	0	0	0
ZL1141052	0	0	549	804	1067	841	0	0	0	652	668	1306	0	822	601	589	0	0
ZL1141078	0	0	1058	1176	1792	0	2995	962	1440	0	1580	0	0	0	1137	0	0	0
ZL1141129	2064	1049	0	2994	1400	1328	0	0	0	1082	0	0	0	1561	892	1155	0	0
ZL1141141	5049	2399	0	0	4416	4472	0	0	3245	3368	0	0	3887	0	1524	0	0	0
ZL1141184	0	0	0	921	1662	1286	0	0	0	1106	769	1722	1437	912	1278	1202	0	0
ZL1141410	2100	0	7123	0	0	0	5127	2417	3695	1857	2355	0	0	0	0	0	0	0
ZL1141532	0	0	1607	0	1532	1651	3050	1771	1496	0	843	0	0	0	0	648	0	0
ZL203817T	656	0	578	1028	1202	0	0	0	0	0	641	1963	1335	915	615	678	544	361
ZL203846T	0	1089	1981	2416	3672	6047	0	0	0	1517	1445	0	0	3239	1844	0	0	0
ZL204186T	2009	0	971	1819	3710	2007	0	1507	0	1222	1318	0	0	1618	0	828	1016	0
ZL204195T	520	0	1000	1312	0	1444	0	916	1089	609	771	1010	0	636	482	0	0	0
ZL204255T	8535	2794	1825	0	4797	0	6670	0	0	0	0	0	0	0	0	0	0	0
ZL204283	2519	903	1056	3521	0	0	0	0	0	0	0	2782	0	1258	779	902	0	691
ZL204310T	0	0	0	0	0	0	2484	580	1449	562	0	1084	1242	0	549	0	0	954
ZL204311T	0	0	0	902	1002	726	1952	0	0	0	0	0	0	1445	649	650	0	397
ZL204365	326	0	566	0	1405	645	1891	0	0	0	0	0	2187	0	388	631	0	0
ZL204405T	0	0	0	0	0	0	3132	1524	1687	1017	1564	0	0	673	0	0	0	0
ZL204460T	1250	669	0	1233	0	0	2349	1063	1130	785	0	0	0	760	0	713	0	0
ZL204484T	4465	0	0	4347	0	0	0	3478	3162	2806	0	3979	0	0	0	0	0	0
ZL204527	1343	0	1795	0	2563	1650	0	1823	0	1519	2225	0	0	1620	0	1717	0	663
ZL204697T	4850	0	0	0	0	0	7323	5800	3180	1479	0	0	3216	0	0	1935	0	0
ZL205085	0	0	0	1582	1360	1033	2513	0	0	0	0	0	0	0	836	716	0	0
ZL205563	0	0	1190	1862	0	3380	0	2277	2559	0	0	2831	3112	0	0	0	0	0
ZL206293	1424	0	0	3262	0	4156	0	0	0	2531	0	3379	2857	0	1933	2153	0	0
ZL206427	932	1010	0	2297	0	0	2778	2886	1600	1306	0	0	0	0	0	0	0	0
ZL206489	0	792	0	1415	0	1287	2431	1928	1778	1215	0	1589	0	0	0	0	0	0
ZL206535	0	0	7197	0	0	0	0	0	2665	2754	0	0	0	0	0	0	0	0
ZL206558	1898	0	0	2556	0	2063	0	0	0	1421	0	3888	4804	0	1120	1101	0	0
ZL206640	0	0	0	0	1053	1264	0	438	0	473	721	0	1106	0	653	596	441	0
ZL206724	0	0	1376	1111	0	0	2544	1444	0	644	0	0	0	0	0	544	0	0
ZL206733	0	0	0	0	0	0	0	0	0	0	17	0	0	9	14	11	0	0
ZL206735	7630	3215	0	0	3755	0	0	2118	0	0	0	0	0	0	0	1468	0	0
ZL206748	37644	16643	0	0	0	0	10389	6043	0	0	0	0	0	0	0	0	0	0
ZL206763	1899	764	0	0	522	0	0	0	0	0	0	0	0	0	0	0	0	0
ZL206773	0	735	2353	1252	0	0	0	2351	1648	1151	0	1902	0	0	0	0	0	0
ZL206777	0	0	0	2053	0	0	5704	2117	3246	1020	0	0	2256	0	0	0	0	0
ZL206783	0	0	0	1144	0	0	0	0	0	1583	0	1585	0	996	930	937	1821	0
ZL206797	0	2249	0	0	0	0	0	3589	0	1702	0	4681	3760	0	0	0	985	0
ZL206838	17480	12018	3125	0	6213	0	0	0	0	0	3156	0	0	4616	0	0	0	0
ZL206853	0	0	34815	0	0	6097	0	0	0	7143	0	8982	0	0	19123	0	0	0
ZL206871	0	0	422	1864	661	0	1620	567	0	0	0	0	0	0	0	0	0	0
ZL206878	2866	1325	626	1934	0	0	0	0	0	0	0	2012	0	0	893	956	0	0
ZL206884	5846	0	0	5011	6130	0	8570	14744	0	3311	0	0	0	0	0	0	0	0
ZL206888	0	0	1082	2149	4830	0	4566	2281	0	0	1397	0	0	1511	0	0	1597	0
ZL206915	6886	2445	0	2743	0	0	0	0	0	0	0	0	2883	0	0	0	4943	0
ZL206918	0	0	551	1504	2119	1271	2261	1225	0	0	1080	1674	0	1266	702	802	0	608
ZL206920	0	0	14707	0	0	0	3793	1789	2732	2854	1584	0	0	0	0	0	0	0
ZL206924	0	0	1979	1071	1619	0	0	0	0	0	1041	0	1191	0	657	432	0	0
ZL206939	0	0	901	2036	1815	0	3734	1957	0	0	2172	0	1762	0	0	1040	0	0
ZL206956	379	0	0	691	0	1156	0	0	1549	1110	0	2054	1093	0	471	0	0	0
ZL206962	4350	1546	0	1758	0	1173	0	0	0	935	0	1773	0	0	732	682	0	0
ZL206990	7678	2779	0	2412	0	0	0	0	2358	1672	0	0	0	0	0	0	0	0
ZL206993	0	0	5943	0	2409	0	3631	1555	2509	1390	2082	0	0	0	0	0	0	0
ZL207022	0	0	0	0	1436	0	0	1074	0	0	0	0	0	0	1679	856	7090	0
ZL207039	1473	0	8526	0	0	5223	0	0	3698	4038	0	3579	0	0	0	0	0	0
ZL207045	994	0	4396	2984	0	0	0	0	0	2319	0	0	0	0	472	0	0	0
ZL207048	928	0	517	0	1212	1026	0	653	0	636	891	0	0	987	604	671	847	0
ZL207056	0	1750	15782	0	0	0	0	0	3741	7400	0	0	0	0	0	0	0	0
ZL207061	0	0	845	880	1412	0	0	1329	0	0	690	1656	0	1524	0	658	672	0
ZL207066	0	0	1241	980	0	0	1779	380	855	745	0	0	0	0	354	521	0	0
ZL207079	4812	2881	7309	0	0	6872	0	0	3255	4152	0	5624	0	0	1982	0	0	0
ZL207103	222	0	0	527	0	418	0	0	0	229	0	536	613	0	498	891	555	0
ZL207105	1127	0	0	530	683	649	0	0	0	413	0	0	1319	0	646	1234	0	0
ZL207125	0	0	2156	1465	1584	0	2895	1122	0	0	0	0	0	0	0	636	585	0
ZL207165	4026	2767	796	2237	0	2068	0	0	0	0	1713	2004	0	0	958	821	0	0
ZL207195	10012	5813	0	4842	0	0	0	4140	0	0	0	0	0	0	0	1756	2610	0
ZL207197	1149	0	0	1777	1793	0	3097	1442	1691	1611	0	0	0	1253	0	0	722	0
ZL207206	0	1186	0	1512	1895	0	2434	2273	1492	1150	1726	0	0	0	0	0	648	0
ZL207219	0	0	726	1017	606	0	1549	561	0	0	0	0	0	0	0	307	0	0
ZL207264	0	0	0	0	0	0	0	0	0	546	466	1050	0	0	849	608	2162	0
ZL207278	1111	0	1605	2025	3110	2817	0	0	0	0	3319	0	3009	0	1414	0	0	0
ZL207281	0	0	0	0	3828	3563	0	3569	0	0	2270	3311	0	4566	1894	1306	0	0
ZL207288	0	0	0	892	0	1013	1457	762	0	0	0	1510	0	688	490	890	514	0
ZL207295	0	0	0	780	0	0	1396	520	0	346	0	922	0	0	454	483	0	0
ZL207350	0	325	534	0	1823	1568	1634	0	0	0	766	0	0	539	658	975	0	0
ZL207353	900	503	0	0	0	0	1476	543	947	470	586	1157	0	0	422	494	0	0
ZL207357	0	0	672	1622	0	886	1779	1539	0	0	0	1477	0	0	410	761	0	0
ZL207365	0	0	1299	0	1517	0	2438	718	1518	744	656	0	0	0	0	0	0	0
ZL207366	2814	1013	1836	1312	1829	0	0	0	1764	1532	0	0	3213	0	1133	0	0	0
ZL207393	7343	4008	0	2359	0	0	0	0	3196	2351	1889	3376	0	0	1469	0	0	0
ZL207402	305	249	0	0	0	186	0	0	0	98	158	0	0	0	100	0	0	0
ZL207405	0	0	4449	0	1741	1687	0	0	1690	1118	1306	0	3432	0	1124	0	0	0
ZL207445	0	0	0	0	0	2301	0	0	0	0	0	5344	0	2840	1967	3414	0	16998
ZL207452	0	819	0	1447	0	2651	0	0	1724	1173	992	1552	1379	0	824	0	0	568
ZL207455	3347	0	907	2658	1991	0	4373	0	0	1397	0	0	0	0	1056	0	0	0
ZL207484	0	851	0	1780	2647	0	0	1776	2403	1704	1547	0	0	966	867	0	0	0
ZL207492	0	0	21233	3395	0	0	0	0	0	2863	0	4492	0	2573	1709	0	0	0
ZL207513	1936	0	1088	3066	3082	2225	0	0	0	1757	0	0	0	999	1183	0	0	0
ZL207523	0	0	0	0	1083	0	1934	770	1226	490	744	0	0	941	0	649	0	0
ZL207525	3405	0	6496	0	2667	0	4599	3061	2635	2504	2454	0	0	0	0	0	0	0
ZL207527	0	0	0	1266	1123	0	2168	725	0	581	0	0	0	1135	0	714	586	0
ZL207551	1543	1464	0	0	0	0	4172	2070	3822	1817	1637	2160	0	0	0	0	0	0
ZL207587	0	0	0	869	1371	0	2586	1366	0	0	900	1288	0	0	651	567	0	0
ZL207640	3162	1663	1030	1553	0	0	0	0	0	756	0	0	1252	0	569	679	0	0
ZL207656	7021	0	30192	4863	0	0	0	0	0	18547	0	0	0	0	0	0	0	0
ZL207657	382	0	0	1348	1160	938	0	0	0	0	0	1246	1204	0	701	597	0	1858
ZL207667	865	0	0	0	1804	0	2475	2485	1980	929	1890	0	2727	0	0	0	0	0
ZL207675	1462	0	0	1601	0	1411	0	1419	0	0	0	2222	0	1882	895	1111	0	0
ZL207686	0	2715	0	3419	0	0	0	10525	4473	0	4160	7171	0	3152	0	0	0	0
ZL207714	2166	1367	958	0	1191	1736	1960	0	0	0	851	0	0	0	0	698	0	0
ZL207732	1800	0	0	1776	1104	0	1903	0	0	558	0	0	1634	0	681	652	497	0
ZL207783	0	0	0	2315	0	0	3059	2687	1506	1587	0	1823	0	0	879	0	0	0
ZL207806	0	0	0	937	0	0	2256	1366	1667	1064	0	1905	0	1585	0	0	0	0
ZL207826	388	0	766	0	1787	1032	2814	0	0	1304	0	0	0	0	870	674	0	0
ZL207852	1460	0	0	1751	2056	0	2963	1503	0	0	0	0	0	0	663	0	0	0
ZL207866	1461	0	4251	2648	3484	2713	0	0	0	1550	0	0	2654	0	1533	1222	0	0
ZL207878	10809	6165	0	0	5226	3938	0	0	0	0	4124	0	0	0	0	0	0	0
ZL207879	26649	7423	0	6072	7571	0	0	0	0	0	0	0	0	0	0	0	0	0
ZL207887	0	574	3384	1349	1175	0	2670	0	0	0	0	0	0	0	610	664	0	0
ZL207888	0	0	0	1541	0	2062	2265	1305	0	877	1221	2361	0	0	759	954	0	538
ZL207891	0	0	5124	3501	3247	0	6215	3430	0	0	0	0	0	0	0	0	0	0
ZL207904	821	0	0	1347	0	1571	0	0	0	0	0	2297	2279	0	772	630	0	0
ZL207916	724	0	1647	0	2428	1169	2235	1054	0	1043	1061	0	0	1845	0	775	0	0
ZL207917	925	0	1323	1337	1486	1108	0	1788	0	0	0	1708	3054	0	843	1226	0	0
ZL207920	1516	0	1633	2287	0	0	3261	2206	2072	1708	1307	0	0	0	773	0	0	0
ZL207931	3	0	0	0	0	0	0	0	0	0	0	0	0	0	0	0	0	0
ZL207958	0	0	0	0	0	0	0	0	3297	1544	0	0	0	0	17515	0	1991	0
ZL207961	717	0	0	1538	1461	0	3048	1170	1262	734	0	0	0	0	0	0	780	0
ZL207966	8850	4787	12992	2888	0	0	0	0	3151	4713	0	0	0	2042	0	0	0	0
ZL207975	0	641	0	2058	1365	0	2676	0	0	920	0	0	0	678	516	639	0	0
ZL208000	663	0	658	1477	2073	1874	0	0	0	704	719	0	1588	0	1064	816	0	0
ZL208008	79750	25675	0	0	0	0	0	0	0	0	0	0	0	0	0	0	0	0
ZL208010	12759	5511	0	4475	0	5857	0	0	0	2997	0	0	0	0	0	0	0	0
ZL208013	1947	0	0	0	4085	0	4832	0	0	1335	1650	0	0	0	0	1348	915	0
ZL208016	0	0	0	446	0	642	1540	0	0	0	0	0	0	708	887	1017	0	0
ZL208039	0	0	0	654	0	0	1231	416	0	0	0	1272	0	689	748	774	0	460
ZL208043	0	184	275	487	813	407	748	0	0	346	297	0	0	0	303	310	0	0
ZL208069	4405	2255	1132	2649	0	2958	0	0	0	1780	0	0	2869	0	1305	1560	0	0
ZL208079	666	0	0	1074	0	0	2041	1633	1534	0	674	1516	0	0	493	0	0	0
ZL208105	1533	0	502	1166	1597	1060	2317	0	0	0	0	0	0	808	1069	1245	0	0
ZL208108	0	0	21337	0	3648	0	6954	0	0	0	0	0	0	0	0	0	0	0
ZL208122	748	0	1747	1380	0	2783	0	0	1967	1840	1240	0	2247	0	1095	0	0	0
ZL208124	3567	846	0	0	1282	0	0	0	0	0	681	0	0	927	512	514	0	0
ZL208125	0	929	0	1297	0	0	1811	0	1725	816	728	1357	0	848	0	0	721	0
ZL208131	1692	0	1057	3877	3445	0	4691	0	0	0	0	0	0	0	1556	903	0	0
ZL208137	1204	0	14564	0	0	0	6457	0	0	2076	0	0	0	0	0	0	0	0
ZL208146	0	0	0	0	1155	0	1648	746	736	0	709	0	0	411	0	702	380	0
ZL208150	0	733	7606	0	2512	1526	0	0	0	0	1064	0	0	1961	0	863	0	0
ZL208180	1118	0	0	1822	3428	0	0	0	0	1970	0	2433	2411	1138	1169	926	0	0
ZL208202	0	0	0	0	0	1263	0	0	0	1017	0	2075	1629	0	663	1345	0	0
ZL208213	338	0	0	1558	0	974	0	0	657	380	0	708	1123	0	433	369	0	0
ZL208214	625	0	5464	0	2580	1356	0	0	0	0	2172	0	1857	0	1028	1025	0	0
ZL208215	649	0	0	1293	1389	0	1971	0	0	584	918	0	1409	0	902	689	0	0
ZL208231	0	0	0	0	1856	1307	1923	754	0	583	822	0	0	851	651	649	0	0
ZL208250	1448	0	0	2244	0	2956	0	2328	0	1843	1590	2997	0	0	1213	0	0	0
ZL208275	9530	4093	0	2581	0	0	0	0	2721	1977	0	0	3122	0	0	0	0	0
ZL208283	0	0	710	1076	0	1097	0	1196	0	800	773	984	987	0	544	585	0	417
ZL208289	732	0	979	964	1327	1496	0	0	0	0	0	1117	1483	0	575	747	0	313
ZL208320	18448	0	0	14681	0	0	0	4486	0	0	0	0	0	0	2455	0	0	0
ZL208379	711	0	0	1608	2420	0	3306	2469	0	0	999	0	0	0	768	0	0	0
ZL208386	2928	0	4285	2452	2466	0	0	1557	0	1297	4386	0	2226	0	1091	0	0	0
ZL208387	272	0	0	0	967	1137	0	0	0	549	411	0	1440	696	515	619	0	0
ZL208401	0	0	1751	0	0	1165	1499	0	0	1057	0	1424	0	0	672	1266	0	0
ZL208439	0	0	478	1040	0	840	0	632	0	0	0	2423	0	0	705	848	0	0
ZL208444	458	0	3426	1646	1370	0	1750	0	0	0	0	0	0	0	440	601	0	0
ZL208449	502	0	995	601	0	804	1457	0	0	838	0	0	0	927	567	563	0	1032
ZL208452	759	0	0	0	1798	3931	0	0	1582	1254	3589	0	2187	0	1060	0	0	0
ZL208465	453	0	0	1092	0	1178	3195	0	0	0	0	0	0	1604	0	576	988	0
ZL208480	0	0	0	575	0	0	1571	0	0	0	0	0	0	530	1333	410	0	0
ZL208501	0	0	2232	1720	4887	2308	4973	2074	0	0	1532	0	0	0	1268	0	0	0
ZL208523	8669	3326	0	4635	0	0	5939	3959	0	0	0	0	0	0	0	0	0	0
ZL208526	7681	2776	1692	1343	2191	0	3629	0	0	0	0	0	0	0	0	0	0	0
ZL208528	22297	9563	0	2877	0	0	0	0	0	0	0	4180	0	0	0	0	0	0
ZL208535	747	1775	1042	0	0	0	0	1659	0	0	0	0	0	0	0	0	540	0
ZL208564	0	0	7956	0	4133	0	0	0	0	11176	1741	0	0	0	0	0	0	0
ZL208566	814	0	0	1539	2097	5558	0	0	0	0	0	0	2214	1490	5889	0	0	0
ZL208592	1004	0	0	2694	0	0	2424	1098	0	0	0	1872	0	0	519	695	0	0
ZL208611	2448	1498	0	3009	0	0	5480	3934	2539	1589	0	0	0	0	0	0	0	0
ZL208626	613	0	0	909	1523	1255	0	0	0	1167	849	0	1508	0	910	654	0	0
ZL208634	789	0	1094	1307	1671	0	0	0	0	0	764	1549	1982	794	723	0	0	0
ZL208658	0	0	0	1629	0	1474	0	943	0	1357	1351	0	0	672	0	858	583	0
ZL208685	18746	11837	0	0	9961	8482	0	0	0	0	6060	0	0	10178	3311	4356	0	0
ZL208701	0	0	0	810	0	0	2817	1073	1643	860	1605	0	0	0	570	0	0	0
ZL208705	0	0	515	1285	1751	1142	2312	704	0	766	0	0	0	0	742	704	0	0
ZL208723	0	0	4466	1719	0	2598	0	0	0	0	0	0	2446	0	1124	0	0	0
ZL208735	8971	1766	0	0	0	0	0	1522	2232	1174	1673	0	0	0	0	0	0	0
ZL208740	374	0	915	506	1240	868	0	0	0	567	491	0	1014	0	583	400	0	0
ZL208773	1262	0	1016	1184	1112	0	1343	0	0	0	0	0	1548	821	666	711	0	0
ZL208788	0	0	0	0	92	0	0	48	0	0	0	0	0	0	0	30	0	0
ZL208801	3359	0	0	3984	7501	6709	0	5995	0	3091	2631	0	0	2080	0	0	1635	0
ZL208818	331	0	0	545	1390	0	1600	0	0	0	1100	0	0	732	0	609	523	0
ZL208837	976	0	1120	0	3133	2178	2210	1319	0	962	1387	0	0	0	1035	0	0	0
ZL208845	4155	2136	0	0	0	1920	0	2502	2864	1572	3061	0	2914	2062	0	0	0	1404
ZL208850	0	0	0	1004	986	0	0	0	0	0	0	1396	1829	1179	753	1208	496	0
ZL208856	382	0	355	522	775	0	1314	0	0	584	0	0	0	409	489	802	1308	0
ZL208921	0	820	2698	1898	2595	1537	2570	1161	1669	1722	1102	0	0	1063	0	0	962	0
ZL208964	1049	0	905	2729	1436	1483	0	0	0	1240	0	0	1929	0	972	692	0	0
ZL209052	22406	10691	5712	0	0	0	6093	0	0	0	0	0	0	0	0	0	0	0
ZL209059	1721	1344	0	610	0	0	1704	0	1192	0	0	0	972	0	0	0	0	0
ZL209069	574	0	597	1085	1937	1152	0	0	0	840	0	0	1857	863	826	1062	0	0
ZL209078	5591	2917	0	0	5091	5401	0	0	0	0	3185	0	3107	0	1588	0	0	0
ZL209088	2500	0	0	0	2305	1864	0	0	0	0	838	0	2596	1399	1082	936	0	604
ZL209090	0	0	0	485	0	420	675	0	0	282	0	587	0	299	510	515	325	0
ZL209137	1662	0	0	2287	3004	2068	0	3465	0	1727	2116	0	0	0	0	1398	0	0
ZL209139	0	0	864	946	0	0	3113	1360	0	884	0	0	0	0	661	1465	0	0
ZL209162	0	0	728	0	1744	1087	2403	708	0	1894	928	0	0	998	0	658	682	0
ZL209192	6356	0	0	0	5019	0	0	4364	3788	2494	3555	0	0	2102	0	0	0	0
ZL209237	2692	0	1416	1703	1826	0	2314	0	0	0	0	0	0	0	748	789	0	0
ZL209265	404	0	534	1295	0	1184	0	0	0	694	0	1094	1448	0	591	531	505	0
ZL209270	1229	0	1829	3092	3437	1970	0	1738	1653	1346	1415	0	0	1043	0	0	745	0
ZL209281	0	0	12592	0	0	0	0	1484	2868	2305	1270	0	0	0	0	0	1062	0
ZL209283	523	0	536	1224	2103	1465	0	0	0	0	1239	0	1692	0	744	681	0	0
ZL209318	1331	0	936	2869	3471	2890	0	0	0	1599	0	0	3315	0	1309	807	0	0
ZL209319	1649	0	697	1559	2186	1633	0	0	0	795	769	0	0	928	526	1078	0	0
ZL209342	5092	0	0	3702	4252	4840	6022	0	0	0	0	0	0	0	0	0	1584	0
ZL209356	0	0	0	1394	0	0	2710	674	1473	1028	0	0	0	777	0	0	672	0
ZL209364	10530	6142	0	2775	0	0	5530	3694	3117	0	2451	0	0	0	0	0	0	0
ZL209372	203	0	478	497	466	0	0	0	0	0	250	0	0	291	0	221	229	0
ZL209387	0	0	229	887	630	0	0	0	0	0	0	0	698	0	225	308	218	0
ZL209390	2083	0	0	973	1203	703	0	0	0	895	0	0	1704	0	585	447	0	0
ZL209397	0	0	10206	0	0	0	4559	3199	3124	2156	1668	0	0	0	0	0	0	0
ZL209398	0	0	1071	0	2982	0	5029	1508	0	0	0	7710	0	1525	0	0	0	0
ZL209404	0	4	0	0	0	0	0	0	0	0	0	0	0	0	0	9	5	3
ZL209456	0	0	0	42	0	0	0	0	0	18	0	0	0	0	18	0	15	0
ZL209483	0	0	0	0	0	0	2714	1521	2480	840	1694	1753	0	0	555	0	0	0
ZL209518	16901	3666	0	0	4912	0	0	0	0	0	2987	0	0	0	0	0	0	0
ZL209519	647	0	0	0	0	1494	0	0	1050	1372	0	2024	1560	660	0	1354	522	0
ZL209543	441	0	3885	1241	0	823	0	0	0	798	0	1028	1251	0	728	716	0	0
ZL209566	0	0	0	3734	0	0	2823	2482	1446	0	1032	1506	0	0	0	0	0	0
ZL209579	6315	3672	0	0	2746	0	4976	2486	0	0	3359	0	0	0	0	0	0	0
ZL209581	8001	3622	1646	0	0	0	0	0	4179	2192	2784	0	0	1928	0	0	0	0
ZL209590	0	0	343	0	1070	611	1331	401	0	0	0	0	1715	497	436	802	0	0
ZL209640	469	0	622	547	906	703	1065	0	0	577	510	0	754	0	468	600	0	0
ZL209645	1158	0	0	1177	1333	1126	0	0	0	805	0	0	1981	0	628	792	0	0
ZL209672	3463	1607	9400	3231	0	0	0	0	2933	4576	0	0	0	1741	0	0	0	0
ZL209700	315	0	0	851	0	882	1404	0	0	830	0	1921	0	0	559	796	0	0
ZL209753	0	0	9081	2754	0	0	0	3182	0	2319	0	2782	0	1774	0	0	1229	0
ZL209773	541	0	511	896	911	2337	1712	0	0	0	0	0	0	795	465	640	0	0
ZL209937	15345	6784	0	0	0	0	0	0	29991	0	0	0	0	0	0	12715	3863	0
ZL210018	1101	0	283	631	721	0	0	0	0	0	457	804	895	0	509	788	0	0
ZL210024	9799	2198	0	0	2543	0	6684	0	0	0	0	0	0	0	0	0	0	0
ZL210047	0	1108	5706	0	0	2008	0	2160	2635	2026	2412	2217	0	0	857	0	0	0
ZL210086	0	0	2171	2190	0	0	5432	990	0	0	0	0	3158	0	1047	0	0	2196
ZL210088	0	961	0	1828	0	0	3260	2618	2692	2233	1270	0	0	0	0	0	0	0
ZL210124	0	1217	0	2651	2303	2921	5797	5099	2600	1450	0	0	0	0	0	0	1201	0
ZL210126	9324	2071	0	0	3651	0	0	0	0	0	2084	0	0	2207	0	1206	0	0
ZL210128	4130	0	0	1665	1500	1925	0	0	0	0	0	0	4306	1422	943	711	0	595
ZL210133	22843	13487	5219	0	0	0	8804	0	0	0	0	0	0	0	0	0	0	0
ZL210141	727	0	3448	2188	0	2299	0	0	0	1340	0	3075	0	0	1340	1048	0	0
ZL210168	0	837	1280	1312	3126	0	2898	1683	0	1113	945	0	0	1096	0	787	878	0
ZL210182	0	0	0	0	0	0	1037	507	0	0	471	823	0	478	324	970	429	0
ZL210192	0	0	2559	0	0	859	0	575	0	1068	2350	0	0	1062	627	1031	0	0
ZL210193	2949	0	0	1191	1447	0	2362	1101	0	0	0	0	0	0	0	716	0	0
ZL210198	0	0	0	814	0	0	1853	1007	1021	665	0	0	0	0	349	0	0	0
ZL210222	0	0	0	0	557	523	0	0	0	323	362	0	0	522	435	1067	258	0
ZL210245	0	0	670	1307	0	1870	0	0	0	0	0	2155	0	905	1486	610	0	0
ZL210261	6488	3190	0	1938	0	0	0	0	1782	0	0	0	0	1745	0	0	0	0
ZL210323	0	0	0	3630	4682	0	0	6168	4486	0	5478	0	0	2519	0	0	0	0
ZL210353	0	0	574	1064	0	0	2203	1114	1117	0	1252	1348	0	0	799	0	0	0
ZL210362	2163	0	0	1097	1735	1095	1995	0	0	768	0	0	0	1157	737	817	0	0
ZL210390	628	0	0	1852	1259	1328	0	0	0	808	0	0	1410	0	855	781	0	0
ZL210396	1245	1090	0	2978	0	0	0	0	2011	967	0	1665	2012	0	1009	0	0	1635
ZL210399	0	0	0	0	0	0	3202	0	0	1491	0	0	2338	1281	0	0	0	0
ZL210424	314	0	322	576	1019	662	0	0	0	449	582	0	658	0	538	359	0	0
ZL210445	0	0	196	403	0	0	668	187	0	0	0	651	0	242	325	397	0	0
ZL210460	572	0	535	1189	1935	1798	2014	0	0	913	809	0	0	707	759	509	0	0
ZL210522	20959	6682	3314	0	7802	0	0	3883	0	0	3480	0	0	0	0	0	0	0
ZL210798	1533	0	0	2174	0	0	2676	1370	0	0	866	1600	0	0	589	1185	0	0
ZL210842	698	0	548	1288	1635	1813	0	0	0	0	0	1645	2552	1488	1178	985	0	0
ZL210860	0	0	0	3723	3296	0	5881	2514	0	0	0	0	0	1412	987	0	0	741
ZL210905	4251	1292	2482	1903	2912	1877	0	0	0	1794	0	0	2037	0	1084	0	0	0
ZL210917	0	0	0	21	0	0	0	0	0	26	0	0	51	0	0	21	39	0
ZL210961	32551	7342	0	0	7183	0	0	0	0	0	0	0	0	0	0	0	0	0
ZL211081	0	0	0	0	2245	0	3929	1258	2138	1246	842	0	0	0	0	0	0	0
ZL211093	33	0	0	0	0	116	0	0	0	58	0	0	0	0	0	0	0	0
ZL211372	1050	357	0	700	0	627	0	0	0	0	0	706	686	456	0	736	476	0
ZL211383	2765	0	5374	1560	0	0	3731	2255	0	0	0	2050	0	0	0	0	0	0
ZL211402	470	0	690	803	1730	845	1416	0	0	0	915	0	1101	0	651	567	0	0
ZL211456	3211	0	1499	1209	1465	1435	0	0	0	1038	1250	0	1692	971	874	953	0	0
ZL211498	1578	0	0	3503	0	0	4928	2538	2706	1484	1554	0	0	0	1159	0	0	0
ZL211549	597	0	0	0	1826	783	2178	809	0	0	983	0	0	647	454	811	0	0
ZL211583	4127	1238	0	0	3811	0	0	0	0	1328	2708	0	3800	0	1146	0	0	0
ZL211599	7317	2269	0	0	5145	3537	0	0	0	0	3927	0	0	0	0	0	0	0
ZL211606	30873	19009	0	0	0	0	9364	0	0	0	0	0	0	0	0	0	0	0
ZL211643	9506	6959	0	0	0	0	4499	2258	0	0	1642	0	0	0	0	0	0	0
ZL211653	0	0	3788	1112	0	1801	1808	0	0	0	0	1418	0	0	614	754	0	0
ZL211683	8176	0	0	1791	2059	0	0	0	0	1034	0	0	1862	0	0	852	0	0
ZL211693	0	0	0	0	0	0	3712	1321	2031	1402	1299	0	0	0	0	0	0	0
ZL211703	0	0	0	0	1637	0	2211	888	0	0	1209	0	0	0	473	447	0	0
ZL211704	0	0	0	0	0	0	0	0	5495	0	0	0	5498	3236	0	0	1347	3946
ZL211707	0	0	72	0	318	0	0	0	0	0	155	0	0	0	67	0	64	0
ZL211709	1847	0	0	1144	2554	2338	2349	0	0	955	0	0	0	0	1183	736	0	0
ZL211710	3767	1833	0	4564	3420	0	0	3422	2591	1527	2253	0	0	1531	0	0	0	0
ZL211720	2347	989	3234	2698	1955	2239	0	0	0	1501	2065	0	0	1206	1187	832	0	0
ZL211733	0	0	0	0	823	897	0	0	0	0	423	922	1315	0	398	742	0	0
ZL211761	7103	3470	0	7266	3203	0	0	4333	3080	0	3707	0	0	0	0	0	0	0
ZL211768	0	747	0	715	0	0	3632	0	1035	0	0	0	1455	0	0	746	611	0
ZL211789	0	0	65	138	175	140	0	0	0	0	133	0	151	0	84	92	0	0
ZL211817	0	0	1083	903	0	0	1747	881	0	514	0	1146	0	0	500	0	0	0
ZL211826	3503	2051	2752	0	0	3197	0	4053	0	0	3697	0	3807	0	0	1160	0	0
ZL211827	341	0	0	1081	1092	2079	0	0	0	0	0	0	0	1399	469	691	0	756
ZL211828	1834	848	0	1435	0	0	3526	1766	1558	752	0	0	0	0	0	0	0	0
ZL211891	0	0	2319	1170	0	0	2957	1293	1565	1174	860	0	0	0	893	0	0	0
ZL211921	1069	0	0	3531	2221	1832	3004	2170	1854	1328	1251	0	0	0	1224	0	0	0
ZL211953	366	0	740	417	1002	741	0	0	0	865	0	0	953	697	628	480	0	0
ZL211974	0	0	645	0	0	1784	0	1485	0	0	998	3241	2302	1640	796	0	0	2232
ZL211976	867	0	0	1619	1576	1623	0	0	1065	696	0	0	1923	0	668	0	0	0
ZL212037	1858	1199	4938	1416	0	0	0	0	2245	1861	0	0	0	0	0	0	832	0
ZL212061	0	0	792	864	0	0	1632	0	0	1640	0	0	0	541	0	382	429	0
ZL212063	0	754	0	0	0	0	2729	2569	1397	0	1177	1599	0	963	650	771	0	0
ZL212068	570	0	0	1353	0	1167	0	0	0	453	0	813	1139	0	611	806	0	0
ZL212097	0	0	0	1386	0	0	2686	726	1132	748	0	1422	0	1005	763	558	0	0
ZL212098	342	0	0	1231	644	1649	1130	0	0	519	0	0	0	444	456	404	0	0
ZL212237	2230	0	0	3778	4087	0	0	3690	0	0	4682	0	2697	0	1006	0	0	0
ZL212250	0	0	0	0	2405	0	4524	2210	2435	0	1138	0	0	1401	0	0	0	0
ZL212278	2191	0	0	1432	1809	0	0	0	0	734	837	0	1608	0	875	901	0	0
ZL212293	0	0	1248	1120	0	0	2085	1167	1689	1020	953	1375	0	874	1047	0	0	0
ZL212299	0	344	601	590	814	576	0	0	0	0	437	956	0	793	691	885	0	0
ZL212357	699	0	0	996	1721	2861	0	0	1669	880	698	0	1514	0	608	0	0	0
ZL212392	1102	0	2660	1639	2346	0	0	0	0	1475	0	1786	2355	1253	973	0	832	0
ZL212423	13323	6063	0	0	3498	2893	0	0	0	0	0	0	4913	0	0	0	0	0
ZL212425	5700	3573	7350	1757	0	2963	0	0	0	2316	0	0	0	0	1266	0	0	0
ZL212433	0	0	0	0	0	0	0	2147	15829	0	0	0	0	0	0	10775	2035	0
ZL212462	1859	0	606	1127	0	773	0	0	0	0	1327	1257	0	724	704	636	0	0
ZL212505	0	0	6404	4629	0	0	6372	7266	0	0	0	4612	0	0	0	0	0	0
ZL212534	0	0	0	0	0	2464	3106	1089	0	974	0	0	0	645	0	1525	711	0
ZL212590	47526	12307	0	0	0	0	0	0	0	0	3912	0	0	0	0	0	0	0
ZL212614	7101	0	9836	0	6980	0	0	0	0	0	3019	0	0	2239	0	0	0	0
ZL212645	712	0	0	0	1251	2681	0	954	1787	666	1515	0	0	0	435	0	0	0
ZL212991	0	0	1676	1070	757	0	1915	1441	0	0	0	0	0	0	0	470	0	0
ZL213246	1661	0	0	0	1942	1002	0	1426	0	0	956	0	1368	0	896	570	0	0
ZL213328	0	1430	0	2000	0	0	0	3847	1906	1097	1374	2279	0	0	0	0	0	0
ZL213518	20731	6302	0	0	0	0	7280	0	0	0	0	0	0	0	0	0	0	0
ZL213692	0	0	0	0	0	0	0	0	0	0	23	0	0	0	0	15	17	0
ZL213785	0	0	536	1175	1162	1713	0	1413	0	0	1064	1785	0	1014	706	851	0	0
ZL213801	0	660	3933	0	1718	0	0	0	1625	1355	2441	0	0	1703	0	0	756	0
ZL213836	0	0	0	575	0	0	0	454	879	390	0	816	1195	401	0	345	351	0
ZL214548	2170	1062	748	1409	0	0	1484	0	0	0	0	1100	0	0	416	582	0	0
ZL214774	552	0	615	798	1226	801	0	0	0	0	0	1291	1411	1367	785	0	0	980
ZL215712	0	0	0	0	0	1999	1081	473	1105	629	684	0	0	0	348	0	0	0
ZL217568	0	0	4284	0	1991	0	4003	0	0	0	0	0	0	1224	0	1395	0	0
ZL217739	0	0	0	1573	0	956	0	0	0	0	0	1561	0	1657	853	769	0	427
ZL471600	8432	3327	1453	1804	0	0	4561	2404	0	0	0	0	0	0	0	0	1378	0
ZL685304	28302	14475	5265	4765	0	0	0	0	5898	0	0	0	0	0	0	0	0	0
ZL724573	17015	6886	0	0	5555	0	0	0	0	0	2912	0	0	0	0	0	0	0
ZL769907	3305	0	0	0	3026	1491	0	0	0	1279	1332	0	0	1223	870	697	0	0
ZL788093	5557	2333	1433	4466	0	0	0	0	0	0	0	5324	0	1687	1448	0	0	1002
ZL811557	13962	0	0	0	0	0	6816	2029	0	0	0	0	0	0	0	0	0	0
ZL838091	11520	5699	0	3627	0	0	7042	0	0	0	0	0	0	0	0	0	0	0
ZL885253	3169	820	766	1005	2061	0	2223	0	0	0	0	0	1559	0	670	722	0	0
ZL903239	85247	47128	0	0	0	0	0	0	0	0	0	0	0	0	0	0	0	0
ZL904678	0	1338	0	2933	0	0	4595	4051	3728	2104	1549	0	0	2641	1484	0	0	0
ZL981061	2126	0	0	0	2895	1659	0	2180	0	1614	3533	0	0	0	1302	0	0	0
ZL984521	9265	4004	0	2372	0	0	3673	3439	2694	2265	2210	0	0	0	0	0	0	0
ZL995439	0	0	0	1789	1604	0	4110	1871	0	865	0	0	0	0	874	1090	0	0
ZL998638	0	0	2587	0	1529	0	2723	0	0	836	1124	0	0	0	572	554	0	0
